12603,2993,2418,574,4276
8919,9808,6752,4486,7596
5749,9929,13761,9613,11441
1794,10288,9858,7466,12782
1794,10288,9858,7466,12782
11316,11170,2194,7554,14415
13024,13568,1413,12519,11170
10916,14532,8867,65,4592
12025,14293,4501,13609,518
11531,5188,11337,4254,1022
1652,14375,14492,7420,9613
5601,13261,1907,13857,4325
2929,11927,2695,9695,5418
8163,5530,2482,11278,8243
13749,5084,1230,200,9686
12258,13938,2492,9760,7034
11801,10265,352,13423,13881
1823,10074,3729,11127,1531
12989,8867,4705,1978,2432
12989,8867,4705,1978,2432
11060,10191,5035,12320,7806
10183,2002,6960,4950,12391
3105,103,9929,12447,10206
6888,5113,10863,1989,4537
6888,5113,10863,1989,4537
10167,10558,11895,11679,911
3887,6539,7697,2465,8811
10646,5623,4244,12474,14375
13589,6465,7685,5595,5702
6382,8323,9570,2314,6495
4112,2342,8630,12547,10223
11205,13844,14179,10754,5035
864,467,5046,3687,7890
488,5617,5387,5073,4148
488,5617,5387,5073,4148
4299,9155,5692,7878,5921
12225,14133,5451,8521,9271
12225,14133,5451,8521,9271
12225,8508,9624,8167,14011
3595,1007,3657,7112,6935
5415,91,7420,3168,14375
14098,1393,13524,2868,1109
10018,1802,159,8473,2394
3134,13989,8636,9472,14443
3134,13989,8636,9472,14443
12397,11596,11404,3833,3416
12676,5692,12416,7878,10569
739,13151,11690,9922,13946
1612,13522,894,10655,6744
9923,12599,1283,5403,1502
3049,12411,11481,9889,12610
273,14060,3525,11483,14279
12243,12517,10937,3649,13543
1014,4046,6047,9395,6846
9476,3417,6389,6997,388
7604,706,3795,1230,4380
6159,3666,3088,6653,13560
11286,2296,5315,8522,13327
8008,9582,2435,13821,2131
8445,6060,1185,13473,7511
4851,3344,2024,8738,11774
12236,8237,10626,3753,13947
3023,7713,4379,10367,8868
12663,8509,1143,7200,534
12881,5113,10863,4537,44
9812,10063,2892,3186,5387
1500,9718,3082,13498,2415
13501,6442,1316,5194,13158
8300,9920,6332,9661,6003
7528,5921,14388,8826,5131
10786,4113,8481,8993,2548
13296,2186,1796,5972,12586
2529,5084,11095,9709,10306
822,9929,3168,12474,4244
4602,10397,2891,7407,5809
4602,10397,2891,7407,5809
8652,5926,4802,1117,4241
14399,3546,14025,1095,9055
8362,8500,13709,3165,2456
2058,6922,6379,1047,867
9086,13652,14517,3186,8005
5885,10314,12465,1974,8717
4142,7878,1035,7016,7532
10376,3099,13011,6702,13365
10941,5419,13966,10760,2837
596,5692,4237,1035,8103
9626,7699,925,3926,13526
12586,10851,7151,3159,7371
9449,399,1764,8321,10416
9449,5616,6121,10051,750
9630,13297,11973,12315,11390
6293,6838,2931,12503,3795
8010,12647,844,6677,8162
9265,5248,13414,5284,11895
3656,3516,8916,1509,5224
3656,3516,8916,1509,5224
11789,5530,6789,3046,4824
11789,5331,2002,4950,10167
11753,6856,13593,3556,817
13217,13699,3186,12869,5617
6932,2415,3082,13498,13175
13527,12875,6539,10886,1226
4415,3168,1790,2544,14375
5562,5376,11372,2274,5273
8092,9417,12284,3317,12140
11908,14025,9261,12182,3217
13998,1092,999,14492,10976
11242,13410,14284,645,4267
9183,1764,7496,4244,5406
9621,5461,11373,12109,8868
14254,11218,2070,10819,3809
10675,13498,3082,5308,2415
10078,1983,8336,12192,14479
4343,3546,3542,9055,1095
14093,2296,14388,6084,7547
11532,12547,8630,11452,8020
8860,12909,5303,13531,871
1206,12975,11496,4184,5934
11510,4743,3726,9382,5388
1621,6469,592,4605,13173
5558,1266,13781,905,1460
3168,13151,11690,9922,13946
3550,7151,1682,9761,10971
14115,4465,10107,916,10325
5916,13546,4894,7496,1794
2141,8318,9950,8353,9956
13553,2639,13011,5959,3506
811,9503,12433,12143,1329
1914,58,11006,9343,5527
7203,9149,2675,7151,13303
7203,9149,2675,7151,13303
249,2580,10657,7959,5244
8115,2908,8382,397,8449
5132,5692,9023,171,13374
3273,14143,4707,10407,3450
4785,13456,8442,3951,5805
297,1692,9545,13400,1691
9231,3546,1095,5631,11411
5625,7685,6465,7355,2637
2465,6379,5773,7220,3398
11658,3168,9929,13761,4244
11641,10833,5789,6487,2024
601,14353,5775,5165,12688
601,9929,4696,65,91
14031,2415,9718,3267,13312
14031,50,9763,146,2177
1882,3166,5035,10191,13402
7047,7685,13909,10655,4271
538,65,4812,2423,399
538,65,4812,2423,399
3217,3419,14242,7454,5565
1531,12511,12099,7307,11706
7020,1863,11079,13695,7252
10233,2194,1482,5617,6492
10233,2194,1482,5617,6492
761,9703,6121,7401,11104
5322,12416,9023,9617,5692
13212,4593,9806,7335,4840
12677,3431,3166,1561,1577
9032,13634,7878,8957,2501
3358,6907,12713,6480,7602
5342,13844,8411,13402,12253
9686,7959,12825,4551,10352
14055,8957,13634,4237,4921
6259,14076,489,957,5660
138,2892,5387,10063,3003
13261,9379,8188,7268,13504
1154,9686,1206,1230,7279
10697,2398,35,2895,1843
1279,12989,1983,10854,11955
3493,6524,518,7005,2873
9895,11361,12252,12474,6554
547,12366,2544,3168,12474
3545,8374,4325,1830,2147
5162,3082,5308,2415,4815
13066,3629,9583,997,7806
2410,6749,6403,5137,11936
6679,13923,13815,9630,12940
4520,13151,13946,11690,4009
1193,9088,3082,12281,6513
9144,9207,14454,6749,5137
3003,14323,12260,7288,9486
14349,4465,5135,4979,6794
13267,3082,13498,13175,9718
13809,9560,5301,4970,7526
4835,12060,5539,4871,3907
12852,11399,13420,2794,6642
3394,11062,13568,11170,8481
796,4812,65,102,999
2785,8916,3516,1509,14376
7966,13793,11404,9907,14211
9543,6046,6635,1179,6498
6060,5035,7806,3166,10668
2887,3416,751,5387,8436
1491,1230,14065,10065,706
2963,14,3842,847,11380
8439,11061,11681,6461,11957
13314,13938,9446,9760,11051
7424,7878,8957,12788,12295
14474,12265,636,2194,2860
13309,8103,2985,9727,14388
1084,10113,200,1230,6554
424,2263,7567,10269,12730
5232,3082,1627,12930,8851
11424,1007,12342,2838,13186
1835,12688,14353,12824,7459
8116,10263,9501,13456,3352
8668,11622,8665,35,9920
8668,11622,8665,35,9920
3813,12138,1230,706,366
4197,3753,8481,8430,7246
10051,1682,9755,2636,8245
5119,5084,13846,12072,13781
8725,6379,6922,11852,13782
9690,3765,8481,4106,11481
4932,2660,9768,2365,9398
8580,1100,496,8219,12362
4952,3242,13167,7385,8477
588,9613,11441,3168,12474
7981,2415,3082,5524,13498
8829,7381,14094,9056,1112
2732,5775,2338,4605,5974
8317,3817,2531,11872,387
10316,14375,11441,91,2544
8803,13952,3254,1978,13516
9429,13076,9670,4063,3190
1638,10941,490,105,4032
7994,4704,6957,8089,11536
10927,9938,12283,11538,2493
3480,4605,12688,8130,8265
6863,4237,8595,12817,12180
4466,2585,4894,12679,3795
7089,7005,4501,6524,2607
1282,4286,13741,7622,1536
3690,5035,9354,5049,6290
12741,9603,12900,11323,2824
4618,102,3168,12252,9929
13363,6597,10140,7405,6267
8184,1406,12416,5692,6077
5351,13175,3082,1400,2355
419,3680,3082,9718,13498
5593,3168,9929,2544,7420
3010,7995,3978,2266,2848
10462,13938,9760,12942,11051
2878,9009,518,2607,13609
14360,10797,196,8245,11536
2000,1482,6800,5594,11322
7368,3225,7075,12822,10007
7368,1978,9929,1092,2544
13964,4765,5692,4239,9617
2369,13730,13853,10851,5145
922,14375,13761,9981,7420
13310,2024,3933,10202,20
1191,2544,9929,14076,9613
5615,5617,1531,2858,10074
4174,8944,5325,2187,4926
13678,13124,5102,12147,9084
5437,14492,2544,9613,9929
2976,11844,12919,2197,8606
4071,3419,7454,1970,1441
13446,3853,7606,2794,8353
4042,6789,811,6831,11891
14452,2544,9613,5083,9929
4303,3546,9055,223,7666
13540,12446,8264,6240,2064
5635,14375,1790,11361,3168
13453,9009,518,13609,7809
9292,14375,2447,4244,12252
14357,2296,6943,3238,12156
5804,7005,6524,9758,4501
5804,91,14492,9929,14375
5830,6737,9042,7381,1112
41,3472,3155,4046,10892
2563,12099,2341,12511,11180
4003,2009,262,10109,776
6512,6907,6480,12713,8101
8861,11703,6560,6113,2891
2999,4605,5165,3980,9518
9657,13484,9121,2166,5983
11429,9630,10879,13372,11869
11429,9630,10879,13372,11869
11429,9630,10879,13372,11869
5492,2771,12758,10265,7752
5492,5488,8598,1610,7356
2477,13593,10352,7622,6861
3673,1401,7082,4999,13867
8331,4904,13879,6790,10937
1519,9207,8319,2223,3748
1519,9207,8319,2223,3748
12626,8481,11170,10199,11481
10159,11431,8866,12549,7843
921,3548,5612,4314,6204
921,3548,5612,4314,6204
921,3548,5612,4314,6204
3076,4812,399,65,11441
3076,4812,399,65,11441
13846,8140,12072,5037,12169
10248,2415,13498,9718,3680
11707,3546,10693,1095,9055
8825,12251,4473,7870,2713
2736,11091,4605,2338,3980
12656,6484,11291,10460,10869
2250,9753,10642,12642,13634
2250,10642,5204,1286,13848
4281,6922,6379,4604,1611
13570,4743,790,11662,6324
5183,5814,11280,14269,11028
1011,1230,12339,1571,706
4625,3840,6465,10241,8404
4625,520,3840,10241,1571
13126,2194,3842,2548,11380
6850,10698,1230,10194,6616
12842,399,2544,65,4812
13966,6524,11420,2607,2864
2365,65,4812,9613,399
1189,4812,65,399,1978
1505,9570,5855,6259,13789
5612,12085,13853,12047,13923
8564,4605,5410,3445,5165
10292,6471,3437,12527,12041
7954,6642,7516,5575,5738
2038,4537,5113,10863,14383
5583,5836,9802,7117,13337
3355,1715,9185,2001,9069
5440,13923,11793,12517,1996
13812,2194,1482,13660,6159
13812,2194,1482,13660,6159
13812,2194,1482,13660,6159
13812,6907,12685,1823,6480
2256,11064,4790,11655,1657
13948,5524,13498,3082,4565
7759,10798,2454,6199,2856
360,10450,9433,12185,5483
12999,5084,8444,12447,4227
10595,13629,1159,1266,3254
13077,3419,7454,542,537
5956,6579,7671,5584,1843
3472,3814,8434,5387,3192
4399,1682,13961,12370,12385
4399,1682,13961,12370,12385
4399,9808,4486,4980,12888
4399,9808,4486,4980,12888
1059,2544,14375,999,9929
10452,7567,6091,4143,9059
14132,5026,4244,1827,9929
726,12489,13142,10718,11083
1722,9517,6524,2309,518
9819,4700,2068,1096,9608
3806,1347,13846,4122,12758
9038,8253,3165,741,8408
11025,9808,7650,7715,606
11025,9808,7650,7715,606
9252,10966,7377,3563,1117
27,8271,7752,3168,7420
6352,6922,6379,2308,6029
9808,4486,12196,9630,11878
10309,9575,1064,5726,7923
13089,7620,2064,1403,10879
13089,7620,2064,1403,10879
537,4153,14002,7450,10959
1341,9400,1847,3254,7053
3982,10306,11563,11701,10183
6542,4549,2194,949,6785
10496,12474,9929,3168,2447
10174,1083,9268,12427,11039
14316,2214,11253,3038,7238
5338,13224,162,1898,4737
5900,7935,8891,9426,4549
11893,3159,1581,2894,4720
13568,3168,12474,2994,4244
9417,4365,13476,4066,400
12883,1518,13314,1629,10162
2967,3546,14025,5631,3542
2967,3546,14025,5631,3542
5316,6882,4182,803,12110
114,830,456,2847,6792
1708,13453,1251,11334,3027
12701,13076,6758,14166,6780
4354,14282,5113,11374,5526
13902,1520,9617,3129,6558
14464,8964,1850,14114,7368
10386,13634,13647,7878,4237
5584,12824,5165,8265,7603
6551,7834,5962,3186,4487
7364,13405,7657,2400,6308
7364,13405,7657,2400,6308
7364,13405,7657,2400,6308
640,5247,5387,13852,6642
9011,2607,518,6686,6524
10631,12419,2018,7279,8404
11229,13151,4009,13946,3138
3125,7685,2371,3108,4271
9744,8630,2342,8712,10223
9283,12586,2186,13443,11429
9283,7151,3159,9456,196
9283,7151,3159,9456,196
6479,13634,7878,2024,8957
7930,4663,4374,8728,11265
6883,13,1266,8449,905
3655,9346,12864,1652,1536
1433,8411,5488,14507,7254
1433,1095,4905,1134,9055
12610,8202,12107,12593,6120
5242,5766,8291,4,5485
3588,7420,11556,12474,4500
13387,14172,7878,13634,9155
20,2658,3001,11166,69
5712,7268,954,3867,4325
3516,10863,4537,1989,10628
4068,5598,13217,9812,6650
12684,6896,2096,7718,8274
6401,13938,4584,9446,3482
3995,5406,9929,7053,8271
707,12236,8019,13023,11265
8526,11200,12663,8059,4113
10149,12224,3674,12260,4574
8502,6642,12823,14314,6909
8631,2024,5214,10625,452
1514,9950,1692,3563,7888
2228,1081,13193,10841,8651
8118,4244,9929,11361,2544
6732,424,5592,9176,12111
3263,6047,7450,10892,1742
3523,7878,13634,14172,2024
8278,3680,150,3082,2415
10968,1336,518,2607,9517
2890,11312,3428,9280,12772
775,3472,2459,13011,3352
11317,9929,2544,13761,3168
4506,9321,12188,4482,7333
1340,9683,6047,355,13978
11958,3204,10601,13151,2331
11958,3204,10601,13151,2331
7675,12474,10976,9929,9613
10765,9933,9715,9234,6388
632,916,13774,11030,7622
6508,9956,3630,7860,8155
1186,4743,7505,10242,6324
3859,3844,200,1230,5084
14363,11367,3159,2936,10879
5695,2955,4981,12097,758
6010,5426,997,5101,12146
10957,3082,9718,5524,5937
3917,456,8145,4635,2763
9845,12173,5956,3495,8222
151,999,91,11441,14375
11677,7878,3339,8957,13634
12768,6554,6002,7526,706
14370,65,4812,2544,399
14370,65,4812,2544,399
14458,13909,3403,6784,12307
12529,10205,6559,12100,10339
5225,12881,5461,7450,8916
828,12206,11404,13793,11017
12149,3159,4720,13431,9430
9834,4046,6047,11331,7070
3642,1135,1196,13135,14476
9755,3393,11735,12839,1133
1458,7685,7885,7287,1593
5697,10863,14282,1989,5113
299,1127,6301,2459,7494
8684,518,7005,2607,7800
8684,999,9613,14375,2544
315,9638,2482,7754,5241
2464,4310,12569,12482,13632
12521,8481,12577,3765,4191
9176,13505,4436,10776,13059
425,1088,11479,534,802
5102,9009,14497,178,6524
3416,3082,1442,4565,9718
12871,9583,8598,3629,13844
2716,4028,2427,14539,5543
1641,14282,10863,5935,7285
11024,3082,13498,9718,2649
5063,7488,8145,11898,2588
6044,8103,5692,9924,9753
12400,6492,11380,11706,10125
12400,6492,11380,11706,10125
5443,8668,1492,4407,5011
5494,4337,13367,1506,52
6140,2794,5962,5967,3658
341,7526,1092,999,13083
11287,3082,5760,9522,1234
12967,6686,2607,2309,6524
12967,4894,9613,5623,9929
9618,14353,5974,1828,2338
6088,13828,893,10204,7097
6495,13090,7685,3828,13241
11596,10532,1266,12474,3168
4512,10520,3168,12252,9613
5692,9899,1906,11912,11847
2970,592,8306,4605,12824
8785,1230,11094,13241,10194
3774,64,9735,13512,10416
1110,10937,7911,13374,8927
1110,1230,7658,11681,8686
9893,7420,13761,9929,3168
13211,14126,2641,7623,11861
10764,14497,12717,532,10953
10373,3463,5794,12591,5491
10150,4206,6976,7812,9137
6261,12251,8825,1366,8256
3501,12837,1843,13883,6487
14088,7878,5692,4237,11195
1666,4605,14353,5775,9518
10847,12789,10476,9716,9395
12658,12925,3853,3186,5063
8683,5775,4605,14353,9518
9653,11481,2548,7860,1526
6193,8411,174,13844,5035
62,11725,13536,1892,2597
8433,4244,9929,6554,13083
2269,4483,9735,905,1266
1785,11186,12430,138,5805
9805,12731,12897,2639,9657
5552,10169,14163,10382,8695
13207,4812,12252,1092,9929
1274,2032,2072,9543,9606
4102,6557,2593,13770,3563
11087,3603,1974,155,11212
10469,13634,7425,8181,2024
10491,1830,13263,9221,3545
11800,7420,6472,12503,3168
11257,12530,7950,14479,12961
5127,5831,1978,399,1757
13891,5084,9709,10306,9837
2805,3168,91,11361,7420
3632,6334,13741,2064,12085
4029,9929,3168,14375,5242
3301,1031,2794,14,4549
8574,3472,12052,11425,7494
2908,12825,4551,7666,520
2375,9605,3009,11795,12039
3763,12593,2985,7878,4493
2780,4244,2544,27,3168
646,11386,10999,7785,9155
2603,3901,11194,8107,8706
5560,9613,1266,2544,65
9004,13632,3159,196,13665
6708,4377,2187,3159,10043
8060,14353,12688,592,460
9055,2342,10223,3138,12547
10979,8523,1246,9088,283
1968,14044,8343,12290,8105
4538,3082,9718,13175,5524
14515,6102,6712,14411,10428
4524,11608,6428,7426,3620
7945,12320,5035,6290,111
10686,10191,5035,12320,3082
11918,627,10916,11958,4140
8996,1341,3261,1373,4013
6337,12877,11990,1235,13909
9603,9783,12030,6254,14103
521,3563,2593,2948,9457
10459,10657,6789,5530,7279
12376,4790,8168,9056,454
10590,111,7806,3166,10191
2840,11431,1613,1774,4310
5598,3186,10063,5635,2892
9025,8973,8018,5832,1313
2755,5659,12549,137,8084
7421,5698,5607,6070,956
7398,10532,27,9735,10520
13720,6525,14350,11271,7437
8750,5331,2002,5910,12391
12562,8019,4197,13011,6176
4182,12489,11083,10718,13142
10598,5331,9091,2002,911
4260,12942,13938,9425,9760
5977,7496,1847,3552,8390
5084,3747,12169,12350,10465
12383,14375,2544,1790,9929
12137,3461,1311,10760,8005
12419,5609,1720,11993,6514
4391,4276,3524,2418,5285
4539,2544,739,4812,5084
9471,5035,9354,5049,3871
6629,7575,9448,12626,3472
13091,11699,11082,518,9758
13577,3082,12491,11826,13660
14003,6523,2957,7882,8568
9584,102,14076,2544,6108
12523,9686,1230,5084,200
11399,4313,3472,13217,6650
4899,8860,1224,5070,9265
4899,8860,1224,5070,9265
4543,13303,12195,13389,192
6423,2838,8100,14339,7019
11231,7878,8957,13634,5567
11941,102,2544,11441,3168
2968,10598,5037,6622,6447
13215,10487,7246,5490,963
9837,1712,9944,2070,3446
9126,12881,1945,10482,8916
7157,11408,11404,8738,14049
11443,1682,9003,7151,8089
12679,11338,4021,12140,12415
2725,2544,14076,9613,10520
2725,2544,14076,9613,10520
5205,5145,4720,13431,3159
4456,6379,6922,8086,9953
9756,2372,8698,5218,14445
10103,9718,3082,9619,2415
906,5145,3221,11878,7737
7828,2544,14375,7420,9929
4038,11097,7526,8193,4604
5313,1266,905,11361,9450
5313,6465,12679,7685,3840
14212,5957,11133,7021,8144
8940,8442,2999,12430,3352
2689,7878,8595,12180,10659
8869,13720,7763,8227,5674
9357,14517,10508,13981,3186
6579,2544,11441,3168,13761
6939,1350,1979,12980,6782
5889,3570,4536,12469,6999
6938,10361,201,2905,11596
12224,13011,3472,3352,1450
4155,9929,2544,9613,3168
4155,9929,2544,9613,3168
3414,5387,1361,1935,1299
11767,8916,8286,8040,3516
9137,9929,3168,13761,10520
4992,5461,12109,7450,9653
8462,9243,9321,870,11809
6837,6525,7456,14350,14429
9186,4436,9458,3886,7010
9186,14282,10863,13587,7285
12687,11134,2953,6259,7278
3060,8800,4780,8868,355
1055,9651,4550,13782,1088
10133,7622,3617,10277,14284
3294,12717,997,518,5426
1769,4605,2892,7210,460
5805,11380,3186,2194,1791
6703,2551,8336,12961,2977
14344,12734,6844,9065,4850
14344,12734,6844,9065,4850
14344,12734,6844,9065,4850
576,14225,3516,8916,1509
10512,5875,10553,6537,7018
11117,5406,8271,4696,4894
8204,10183,5899,4390,1092
4249,4605,14353,12688,6469
2356,4103,1324,3493,7860
11166,13181,2194,5359,3842
12446,12315,1713,11878,11973
2688,8341,1978,14076,2771
7701,6524,11420,9940,13750
8708,5957,11809,8622,9321
12027,3082,8353,8910,10934
11490,9009,518,8111,13750
2558,5084,10265,13846,3552
10027,3516,6047,355,4780
6399,1793,1313,11242,8005
11611,11441,14492,2544,14076
88,8960,14320,3094,9522
3622,9486,4807,8509,3165
9962,3506,7575,11609,5615
7210,14375,12474,2544,7420
1092,1289,13493,3829,12948
422,6451,11735,13923,8937
5756,14353,460,4848,7603
12584,1589,2064,9591,2389
794,9929,12252,2447,8867
11279,2773,3414,1432,7294
2130,1193,13905,6771,12004
14033,12224,13264,1143,7584
1689,12099,11941,12980,1965
9346,9929,999,13761,14375
9478,14060,3007,9252,12225
10966,10194,12339,1230,6554
10966,5623,4244,2544,9266
13465,13429,808,13397,11546
1923,4689,13181,722,8567
7526,4551,6514,7162,1615
7526,4551,6514,7162,1615
7526,2789,11284,9908,101
11816,7401,9928,5616,5047
2566,38,12016,514,3744
339,2553,7992,6539,12875
2137,2638,1517,5313,4295
5047,1682,2636,10797,576
5047,1682,2636,10797,576
4485,9613,3168,14375,7526
3207,65,8867,4812,399
3207,65,8867,4812,399
2326,7878,4717,7192,8957
12343,1007,7118,14447,12875
8616,12330,13195,169,4792
4314,3776,13048,585,8842
13491,9674,229,4872,12155
5964,4522,5692,12416,9617
10439,13011,9176,3352,5959
13713,3414,10148,6025,3037
4464,7294,10948,6490,14077
9001,5996,4180,3037,11079
10884,5956,613,14096,10234
162,3829,6652,7612,4242
13424,10329,13923,6558,9808
8197,4605,6469,5165,12824
10693,3068,14286,4777,1518
376,13244,13770,10264,821
11022,880,2953,3311,10869
471,12925,5063,8872,8698
8442,10074,947,5420,1531
7150,10043,5421,12066,3659
46,7699,9216,9958,9661
10021,2415,3082,13498,13175
4569,1581,12482,9111,8803
7912,13011,5615,3352,7575
4722,870,9243,8253,5957
4722,8462,11948,3839,4482
237,8103,1208,12817,3597
8870,5692,2631,12416,13374
3410,8175,6416,11715,1081
11177,4500,9929,999,13083
11615,5084,200,2853,1230
4135,1238,58,5508,13616
4135,1238,58,5508,13616
13847,13083,4812,12252,7752
13326,8059,1482,11380,10074
13326,8059,1482,11380,10074
13326,6907,389,7202,8101
8794,7622,1066,3956,9922
10707,14388,4374,7148,4259
11437,6449,3376,5288,1871
11544,2426,6846,13195,1137
14023,8977,2024,9073,14172
627,11441,2447,12474,2544
2263,10629,3748,7297,5788
9597,8230,2771,122,1008
4970,12955,8199,12481,13897
11626,13109,5080,7077,12895
7827,7554,4683,9195,7307
10795,12346,534,11280,13310
2442,11105,4122,13846,12072
3107,5633,5038,5159,2794
7535,10081,13374,5692,9023
7234,6332,3853,10597,5550
12034,4883,9703,6121,5047
1377,13283,12795,2973,5306
8579,9764,3948,1608,7184
2972,12489,14224,10718,11083
870,9929,3168,4244,9981
76,10191,12253,111,13844
13331,9324,1466,8059,13660
7109,7459,7603,4605,6469
12966,14375,14492,9929,12252
13148,9814,11942,10761,13846
381,681,13747,13718,14094
1794,10288,9858,7466,12782
14268,1347,14465,10761,10183
14325,6379,6922,2949,11124
10916,14532,8867,65,4592
4967,4812,11441,10532,9929
1146,11735,1133,2105,10250
13749,9888,1843,9052,4370
14318,10158,4265,5035,1577
7172,13402,8411,10947,174
13420,12852,11591,5750,11399
6578,200,6465,10465,1230
13193,3229,10156,10879,8003
11794,12573,3552,9837,10306
11380,425,29,8681,8019
1501,1898,162,4279,257
7350,200,3626,1176,9686
2843,4310,14269,12482,9029
4825,14388,5921,4374,2985
12225,14133,5451,8521,9271
10234,7593,5456,6446,7642
13060,2553,6539,1144,7148
6045,1713,12813,12385,2998
10521,10416,905,1092,1978
6503,6922,6379,7718,13236
13109,7507,4929,5618,9072
1067,507,2371,1078,9741
13225,12855,1697,9550,10067
9448,3037,13857,5329,10629
977,10001,2878,14076,3552
9430,5692,13374,12416,171
11628,8072,8040,1115,11373
8982,6121,11026,3550,13317
1477,4458,12119,3457,13082
9838,13456,138,5805,9812
4860,12720,12941,12224,4466
8652,4241,13505,3472,8285
6233,3524,2993,2418,13517
14399,3546,14025,1095,9055
14399,3546,14025,1095,9055
14399,3546,14025,1095,9055
14399,3546,14025,1095,9055
14399,3546,14025,1095,9055
9924,987,7243,12594,5595
4202,10520,2544,9929,9613
10284,4476,3200,5365,119
10306,9597,11895,4533,5530
9598,11493,2620,9615,2400
4442,3168,1092,4244,14492
4442,3168,1092,4244,14492
14495,14024,3680,1212,13175
1852,12602,12265,11481,5490
2123,483,4689,1552,10402
6782,10976,9929,14375,11361
1767,10397,289,662,7705
4295,6922,6379,13347,5933
11613,7895,3414,5419,12644
12792,3082,9718,13498,2415
12586,10851,7151,3159,7371
12586,10851,7151,3159,7371
12586,10851,7151,3159,7371
805,6782,12821,12512,3186
5077,8753,9628,13994,8626
10626,12511,12099,3663,7195
3623,5527,487,11548,9064
4415,3168,1790,2544,14375
9271,9491,5275,3698,4013
10118,1127,5959,5351,5592
2758,11835,2024,1557,13634
8409,6854,10100,7911,4052
121,8933,3808,1816,5692
4715,6524,4501,7005,9009
6374,5035,13844,13402,3166
7060,8340,9305,894,14065
1572,9929,2544,3168,12252
10143,10558,4522,11355,9091
13023,3082,13498,7837,11706
5813,1230,11535,9686,200
1506,4605,1828,5107,460
1206,1684,9433,13529,12185
11260,7911,2238,4454,3327
6344,4293,3155,3099,314
6344,12385,2136,11293,5040
5967,2607,518,9009,11082
13121,11408,2981,3336,4465
13032,8626,1217,4377,12805
9937,8966,11691,1922,1297
4360,3795,1266,905,1794
5502,13263,7545,9763,7268
3550,9808,6752,11636,11845
3195,13598,6363,13857,4914
14115,1577,7254,14507,3871
14115,3546,9055,14025,1095
2793,2866,7972,13347,5325
12350,7296,5764,1378,11993
9566,12942,9425,9760,13938
9232,5224,13290,10367,4379
12238,7878,8181,13634,4692
6590,7878,14172,6624,13634
9786,1744,5921,1557,12465
14502,13761,14375,11441,1092
2187,6121,5047,3979,13742
9468,14051,3072,5692,10788
9231,14507,3166,5488,3871
9231,3546,1095,5631,11411
13302,3165,12225,11966,13709
13935,3168,14375,13761,12474
7852,4195,5475,1830,2127
11658,460,14353,12688,9518
7131,3472,2112,8285,3352
14031,50,9763,146,2177
14031,50,9763,146,2177
1882,13938,4584,9446,7034
14462,3795,4894,11109,11016
551,1322,10934,7465,10613
12163,10923,12717,9517,2607
13732,3934,12837,2310,2794
1462,10597,9950,7935,5584
9226,8519,518,6524,7005
9226,12688,14353,4605,7210
2158,4894,905,1266,7496
5222,5322,4377,10664,7665
9880,4812,9929,102,65
7550,9613,102,11441,10976
3984,1283,4605,12688,6469
3970,2607,518,2309,13609
5586,12730,2263,323,2011
8258,5084,6428,10598,14498
12829,10367,2820,607,13290
6379,6721,11849,139,14092
6379,6721,11849,139,14092
6379,6721,11849,139,14092
6379,6721,11849,139,14092
443,8253,3113,7451,9369
6815,563,14419,4712,13264
3167,10235,13505,4145,2639
7752,2767,10976,4696,11194
9157,11189,3474,1134,6514
9688,2024,13634,925,6902
2037,4133,6391,6982,6754
9917,1718,14489,2737,4180
2522,7005,11420,6524,7116
9309,9929,14375,2544,12474
2790,10818,4564,4689,14044
138,2892,5387,10063,3003
5696,13844,5035,6290,13402
12717,11386,2567,10893,10021
12717,11386,2567,10893,10021
10697,8957,6902,13634,10858
12321,13267,10561,7447,10597
37,14211,3304,4237,7878
1151,10183,13781,4919,14150
10677,2732,10334,6389,685
5230,2343,8818,64,736
5231,7878,8957,8936,5692
12948,2400,11493,1629,5891
1376,2345,10659,20,12995
14349,4465,5135,4979,6794
9525,283,8621,2343,9088
13391,14458,3548,10601,2664
3573,3082,13498,2415,14024
3394,11062,13568,11170,8481
796,4812,65,102,999
871,9764,9270,12909,5186
9982,12942,13078,5705,6265
13742,5607,6070,5698,750
2887,7494,3099,3472,314
6733,10664,11735,13853,5256
11663,3168,1790,4244,2447
10484,7843,5958,11912,6558
11179,13634,8957,7878,14468
1492,5530,4276,6789,2482
3911,1230,3074,6830,200
14274,12174,10641,11408,13446
8668,12793,4407,9980,13771
7067,14038,1713,6116,12385
3813,5165,4605,5775,6418
4197,3753,8481,8430,7246
5882,2544,3168,8867,1266
9690,3765,8481,4106,11481
1583,14172,13634,7878,8181
13182,4815,3266,8815,5850
13774,3428,13711,4716,1487
14258,8111,9009,10703,2607
14258,2145,13793,6459,9321
8117,4234,1448,2426,6846
14084,13090,10017,1593,12679
12708,3082,5308,13498,2415
1048,12299,600,10599,10231
10958,14353,2338,7459,4605
11101,8059,2892,11200,11380
11504,6379,4892,6922,13782
18,10881,6012,114,7828
939,9929,6108,13516,27
11763,14369,5835,9146,13994
6314,4605,1526,2561,5594
3152,6682,946,8691,9216
2538,6907,12685,5869,8101
11312,14172,7878,13634,8957
6422,9686,14498,8106,9493
10337,6759,1536,4207,6649
3653,13609,7800,7005,518
9733,7371,5771,13632,5582
7699,7691,12011,1768,13634
7048,13634,8181,2197,13647
1304,4968,7354,9507,6679
8983,6495,10982,4065,10275
9443,14297,10043,8592,5405
7498,9324,5417,2770,8813
13806,6921,8851,1564,3082
13222,8642,2548,2194,5490
2587,13923,13523,511,2662
4692,5584,5007,9457,9956
4900,1230,11094,9493,11813
1599,155,7992,8848,339
1496,4225,9211,12737,5696
2369,13730,13853,10851,5145
2369,13730,13853,10851,5145
2509,11609,12521,11166,9690
4838,2544,13761,1092,4649
6758,3563,12216,12947,7554
8284,5805,1005,8442,2000
9255,6545,1713,8927,14171
1618,2639,3001,9975,9448
5615,5617,1531,2858,10074
4071,5035,14507,7254,12320
4071,3414,8325,14489,6025
11135,14346,2501,12843,9235
12576,4812,102,9929,65
2767,2207,4592,11538,13294
4303,3546,9055,223,7666
10952,10795,12070,7567,9917
11693,7190,7622,5087,7746
8428,460,4605,671,5974
13540,12446,366,13868,13909
5635,9718,13498,3082,1234
748,7360,4342,10750,13907
13894,9718,13175,3082,13498
3225,4812,999,4894,11441
7115,12975,4184,11496,763
7115,7279,11094,6465,8445
3278,14204,4676,7937,11805
6656,5123,3472,3099,11609
10800,65,4812,9613,10532
2321,11852,10996,13782,10249
1047,5063,3186,8449,2736
4300,7509,3093,14019,9771
4,13151,11690,13946,4009
5542,4605,12028,10953,5775
5682,11269,8477,4952,4688
11429,9630,10879,13372,11869
2205,978,2767,4182,4244
9545,3680,9718,13498,2415
13808,5692,13374,12416,12211
11439,5102,10700,14044,6611
10269,5116,8113,7294,617
3619,2864,7005,11420,6524
5290,6051,6709,4265,1577
3076,4812,399,65,11441
11739,10107,12508,229,9789
5568,14127,6003,8353,9956
11071,3356,4549,11919,5043
7665,9703,6121,13317,10051
11707,3546,10693,1095,9055
1551,9176,7575,3352,7494
11882,6465,1430,7685,5595
1820,1230,1571,13909,9147
12874,11170,6389,8005,8410
663,11653,8927,2914,11265
1883,3472,12731,69,5402
8210,88,12474,11500,2447
8930,6121,11758,10051,5463
8831,14353,2474,4605,9923
44,9003,13687,1025,6558
9488,102,9613,7526,5406
7872,5756,10760,808,716
13126,2194,3842,2548,11380
6850,10698,1230,10194,6616
2398,4538,3168,11441,7420
5404,12875,10360,9184,410
7344,6865,2024,13634,12425
12842,399,2544,65,4812
1182,9530,12242,7488,8145
9825,5957,11404,3070,11218
4444,1291,5530,11194,2312
4359,4225,118,4053,758
8345,13951,12671,9664,11780
1156,4723,4090,11626,3985
3474,8848,946,12744,6232
3647,12756,3070,9654,6651
1189,4812,65,399,1978
1505,9570,5855,6259,13789
3031,3461,3762,11527,10681
10944,13265,5025,10551,9950
10944,7708,2687,7017,5888
5612,12085,13853,12047,13923
5612,12085,13853,12047,13923
6021,8062,7526,320,1092
10292,9324,8813,1313,9592
7954,6642,7516,5575,5738
11493,2029,5035,12320,10191
550,13761,14375,2544,9613
13812,6907,12685,1823,6480
2237,7290,11209,9324,4482
9532,3546,11532,6147,897
8754,13923,1996,10329,9468
11152,410,5404,10431,13681
2554,2418,13517,2645,574
9564,5063,11112,8430,14517
12851,4959,12865,7993,14157
12498,1007,10469,14381,9518
11322,8284,4844,2568,8509
283,10107,1246,5541,14083
8766,11380,13331,2548,2892
4399,1682,13961,12370,12385
4399,9808,4486,4980,12888
130,8867,3168,14492,2447
5770,14375,9613,14492,1978
4405,7752,1092,4244,7053
4405,518,10272,6524,4278
5301,12481,12955,4222,2954
12746,7533,8957,13634,7940
4243,9929,2544,9613,14375
4752,10018,1684,11018,2652
584,5046,9888,467,7225
1556,6732,9394,7506,1354
4342,7595,10234,7360,3233
5970,9665,9324,6586,1435
5216,9155,14172,4778,9595
6205,9456,9149,10879,13434
9117,9009,2607,7809,8111
13013,12099,12511,8819,12075
9252,10996,6379,6922,1485
9453,479,11653,14072,14369
5764,472,11708,6789,5675
5795,7878,5692,9023,12416
12636,1230,706,200,38
2860,4244,9929,11361,5406
2860,10268,6277,10277,13076
1299,2415,3082,13498,9718
3357,10928,14376,3175,1906
11818,12910,2891,3581,9974
12519,13761,9929,4244,3168
4682,8430,4802,10505,13453
2663,4380,2554,9712,1230
2663,2544,3168,13761,7420
5142,1691,419,2614,1692
29,6907,5869,7202,6480
1476,3352,9176,5586,2639
2967,3546,14025,5631,3542
2967,3546,14025,5631,3542
14282,11595,13808,192,5806
6834,10248,12870,10893,13154
5622,14172,10659,622,12406
10386,11399,10699,13244,10125
9760,13938,9425,12942,8128
2609,12928,4078,9527,10156
7561,5508,7503,487,9064
2095,518,9009,6524,7005
4177,9155,2024,8595,13711
3314,923,10465,13973,1347
7364,8867,4244,11556,11985
9011,2607,518,6686,6524
1977,7616,2755,11170,13568
14061,2447,3168,399,2544
1395,607,8916,3516,3772
11155,12047,3502,8376,12989
6250,13632,1403,13879,12482
1433,8411,5488,14507,7254
1433,1095,4905,1134,9055
2417,7513,3283,4551,13694
13251,5084,1347,12474,13781
9619,13498,13175,3082,13625
10075,6209,7936,7380,2905
12339,8485,4671,5065,683
6470,3797,8081,9504,11901
10837,11228,7410,2848,11692
12602,102,2544,11361,4244
1738,12066,3159,1528,4503
5517,1288,4710,13316,5421
195,2553,6539,10360,410
9613,13142,11083,12489,10718
5363,2544,2447,9929,11441
3352,8567,8434,3186,2858
8594,13634,2024,3933,9288
9104,10273,3670,4240,3525
11825,5584,5063,3417,3853
6133,14361,9082,11350,6046
990,9613,1092,4500,11680
8526,7288,14128,9121,4195
8526,7288,14128,9121,4195
2706,7325,11213,13762,7294
8037,12724,687,774,13921
1442,4605,6469,3980,3782
9881,3394,7642,11722,636
3842,9929,2544,9613,999
889,8222,11669,5164,7124
198,12489,14224,12007,10718
3731,8045,10145,705,7390
9975,1618,7939,7516,1731
11317,9929,2544,13761,3168
1340,14468,13634,11459,3933
4826,4313,8019,12521,8821
14375,11955,8232,12530,13794
2438,7214,9465,5421,2107
3376,11195,9401,9617,5692
8879,6379,10485,6412,5500
6319,10879,8937,10156,3583
3859,3155,3472,69,3099
11015,13923,8662,8245,13853
11015,13923,8662,8245,13853
6686,11995,2736,11127,13854
9716,10847,8957,10476,13634
8852,14492,9613,14375,9929
7008,4922,5018,4574,895
6638,13812,5805,8442,8501
6638,9311,13941,1619,5802
13025,9808,7650,5703,4980
3917,4244,13761,3168,8867
9845,1557,3495,7878,3305
10715,11605,14497,9477,9072
3751,12416,5692,1625,4522
14261,4551,8850,878,6037
9170,9324,2025,7538,14314
6765,12591,1343,10925,10659
6765,12591,1343,10925,10659
9834,4046,6047,11331,7070
3236,6922,6379,2949,8398
4547,5775,12824,12688,4605
11252,1730,2113,7536,1552
6356,12489,10718,12007,11083
11050,14517,13981,469,7834
12776,2607,6524,11420,9072
12776,8867,7212,10976,2544
11003,2273,4433,8448,8593
4743,10584,2346,1449,12250
4894,5739,7372,13646,8374
4105,13634,9716,10847,8957
12400,6492,11380,11706,10125
5494,4337,13367,1506,52
2127,7184,105,10925,2249
4834,4244,2447,13516,4649
11545,2908,11348,12474,10532
3960,6232,8848,3414,2940
10911,3159,7151,9899,12749
5456,4605,2338,12688,6469
12967,6686,2607,2309,6524
12967,4894,9613,5623,9929
7285,9003,8089,576,14051
5624,7309,4626,13473,1588
5425,3795,7064,1797,7959
13660,8019,13651,13812,29
1971,3099,5123,4313,11609
6810,3253,13849,10858,7878
7777,4330,7380,1100,4586
7777,6465,6489,12615,6754
2970,11441,4894,2544,9929
6129,1183,11041,13581,7989
13939,3168,999,91,13761
12010,10501,5609,1931,3509
4617,2412,5805,10589,13093
12462,12198,4109,1462,3020
11831,5063,13610,6812,5183
1718,200,1230,1571,5084
12078,9305,1210,5184,3403
6299,3082,13498,9718,2415
13973,5702,1720,14476,5920
14411,3168,2544,9929,14492
8572,7494,10842,13011,3472
12738,10797,10851,6240,2636
2848,11216,5145,2606,13923
2848,11216,5145,2606,13923
8683,4649,7420,3168,4244
9653,11481,2548,7860,1526
14439,10108,622,7184,7744
5704,196,7151,9430,14512
1508,13634,2024,13647,8957
7893,3082,10479,1564,4565
9059,5116,1432,6984,6262
1611,13560,10525,11566,7698
7153,14376,3516,8916,1509
7811,6922,6379,3286,9702
3729,3082,5524,2415,5308
9956,4605,5775,7459,5165
3819,7997,5387,2194,12417
7755,5047,6121,13317,5616
8604,11104,6121,624,5698
9364,13452,1343,10925,12062
4029,2607,9009,518,7809
36,8225,12586,6205,1721
7283,3168,2544,4244,11361
278,12489,10718,11083,12007
12161,65,10532,4812,1092
7330,4605,5165,5974,7603
7330,13175,2415,5524,3082
14348,5623,65,2544,5242
3698,12339,12252,7752,14492
12466,11838,2201,7471,9744
5010,11170,1967,5387,6729
5010,11170,1967,5387,6729
2771,2695,11927,11232,12490
11107,5129,10558,6192,5402
3240,3344,7911,3436,11774
4968,6240,14082,13923,12813
5560,9613,1266,2544,65
8002,4453,12874,5564,9119
6708,4377,2187,3159,10043
6708,4377,2187,3159,10043
6708,4377,2187,3159,10043
1728,8264,1146,14175,2998
11680,3082,13498,7837,12789
111,7806,9354,10191,3871
6198,1713,13148,12429,8245
4085,2230,12283,8950,14238
5278,518,6524,2607,13609
4908,9517,11605,5190,5618
5607,4992,12385,7151,5258
3555,3472,3099,11609,3155
14150,1601,9196,73,7437
14267,2064,12805,1906,14315
10059,13923,1395,1183,1406
2600,65,2544,4649,4812
9491,13634,4513,9172,14172
706,11094,3780,4306,11711
6312,7809,7005,518,11420
9508,13536,8270,10262,1209
2656,8535,6121,6070,5047
10561,7333,6524,518,8111
9053,4205,4626,7082,8171
9053,5408,1291,5530,348
2840,12511,12099,1756,3663
2988,14077,2940,7697,12757
7231,7786,11820,52,7719
5997,4605,14353,3615,6469
1138,7885,4530,365,10820
803,10459,7386,12177,4958
7671,2544,9929,3168,7420
7671,2544,9929,3168,7420
14198,200,9686,10805,11501
71,1511,12307,11019,7814
6803,12547,8862,4303,8630
7741,10655,7652,6428,5037
7883,12579,7669,1139,9723
1975,14353,5974,919,5775
2036,10754,13844,6290,3082
5888,6922,6379,7539,8328
4391,4276,3524,2418,5285
14473,7699,8403,1718,3414
12669,4621,9964,9140,4626
14136,10879,6756,2825,10809
2851,518,6524,2607,4366
12866,2662,4237,7878,1961
12886,2278,9176,12731,13505
1570,10645,10204,244,6722
13236,10558,8467,7975,9090
3295,3678,12265,8481,13562
10897,3842,13378,9302,12741
4899,8860,1224,5070,9265
2143,13402,13844,7773,3431
9682,5046,4069,5584,11755
11820,6388,3763,6891,6254
7000,12540,8239,7431,11143
3399,9078,13827,4626,8025
4091,3419,6354,11582,1970
5219,7151,3159,5405,1837
4051,918,9670,14166,3190
6369,1176,13011,3472,2753
12833,2113,10680,12747,12668
9840,4366,518,13839,6524
9369,14076,2544,3168,102
10246,14244,10139,4892,11134
7685,4685,10171,687,1720
4905,3419,7454,11397,14242
13226,14353,6469,1828,5775
1654,10754,13844,10668,3166
7292,13266,3840,6465,1492
1441,6455,12979,4479,14454
4333,1092,9735,3254,6554
12513,4237,4412,7878,7132
7205,5692,12416,7878,8103
1887,1487,14172,7878,2031
2689,4611,5514,1917,9088
9357,2616,1165,13504,13520
7046,2290,8828,7533,7911
3468,6606,5488,8570,13123
7568,1509,5224,8800,2038
4450,808,12512,1652,8502
4992,12531,13431,8423,5814
2197,8891,11115,9451,2244
72,6914,11342,9216,11504
11463,6524,518,2607,4501
6412,1235,987,2518,7685
1535,456,4635,68,8145
1535,9929,3168,13761,102
5513,9834,9813,496,1014
11198,7018,11405,9984,7158
7360,9692,6997,4342,1652
10975,3980,9629,10371,8265
2752,11213,13762,7325,2896
11166,13181,2194,5359,3842
11166,13181,2194,5359,3842
11166,6907,6480,10466,2449
10863,3411,9003,11549,7397
12027,12523,5008,4832,1014
10487,6043,10566,11298,4206
65,336,4812,399,5026
10817,13347,6077,13923,2739
8045,3082,2415,5524,2649
11616,6070,5607,956,13317
1539,1127,5959,2639,3352
4396,9009,2607,178,532
4396,2586,14060,1785,2197
1092,1983,8336,12989,13631
10470,3411,9960,6177,9430
9528,10608,1303,3120,1638
14169,14492,7420,11361,8867
132,13665,11628,7151,1217
1689,14375,9929,3168,91
9766,3908,2924,11963,8512
10966,12344,9252,10637,560
7173,3186,5617,11380,8665
7173,3186,5617,11380,8665
8807,13923,13347,1406,6922
8321,9808,11878,4930,8460
6468,5835,11602,14171,13994
7526,4551,6514,7162,1615
7526,2789,11284,9908,101
7526,2789,11284,9908,101
4407,14310,12017,8668,5482
5047,1682,2636,10797,576
5047,1682,2636,10797,576
1415,5047,13317,10051,6070
2085,11153,8957,9969,14163
12006,4626,7861,5619,6248
7028,7843,12589,7036,13815
6031,4605,12824,7459,14353
10439,13011,9176,3352,5959
9125,7005,6524,2864,11420
4419,6922,6379,531,5059
10136,8501,7096,9653,12682
12539,7878,7132,13634,8957
739,10007,1978,11441,3168
7761,1081,8175,5434,1219
9557,2309,2607,9009,14293
8896,8927,12195,5701,7650
2382,3273,8966,4707,96
8442,6907,6480,12713,8101
8442,6907,6480,12713,8101
8840,3762,6967,5864,6989
3725,925,2197,6381,4129
5300,65,4812,2544,1092
10021,6524,7005,518,12717
13190,1992,972,11265,13438
12816,2570,6992,14028,1662
13233,3082,13498,12789,7837
386,2482,11194,14202,5357
13083,2281,8271,9613,9929
9000,3516,8916,8040,3772
2118,518,11446,2607,13609
7589,12003,2706,7325,523
4135,627,1138,11958,4228
13847,1983,12989,8336,2977
3570,11723,11923,10915,11325
8794,7752,4649,5924,399
4990,5035,8411,3746,13844
8431,7935,2794,9950,8910
10707,14388,4374,7148,4259
11437,171,10081,5692,1035
3261,6495,14255,8996,5794
5083,12530,7950,14479,1706
627,11441,2447,12474,2544
5271,4992,1682,13961,12385
12320,14501,13968,12889,11615
7827,7554,4683,9195,7307
7827,2906,10226,875,4407
9624,8343,8521,6785,13922
9624,8508,12096,6135,276
1261,3795,13952,11016,9450
13646,3545,12332,12299,1830
8169,5100,0,13695,8848
10370,8957,10361,13634,2024
3985,14172,13634,6624,13647
12331,9517,518,6524,12717
8738,14489,3472,8403,12897
8019,8538,5617,6800,13660
8019,8538,5617,6800,13660
9590,355,9653,3516,2010
7184,4955,12142,13133,1935
2183,8451,8293,1219,8175
7353,2415,3680,3082,6921
6667,200,5084,1230,6884
4099,5025,5803,5387,13265
14152,12688,5165,6469,4848
2713,11967,1230,1492,3403
10447,7854,10197,1523,3581
8727,10833,4180,1877,13723
5451,7005,6524,518,2607
5749,9929,13761,9613,11441
13061,7005,6524,2767,6686
13061,14375,11680,3168,2447
9065,7878,2024,13634,12159
6628,4919,11635,13761,9522
9475,7784,8637,7619,8722
9702,8106,10234,14211,3784
10140,4811,3840,5678,4522
14255,13453,4802,4088,8834
5318,12265,2794,3853,13201
12059,13011,8396,3472,10842
2962,11367,10990,10879,14520
2172,8512,185,7746,8244
1863,9753,14388,13634,8181
11686,11195,4716,12233,9401
864,12511,13942,3231,12099
890,9754,3186,8132,6867
9672,4529,13106,13580,7798
8990,3082,5524,2826,10217
1694,13853,6235,13923,12034
4386,12511,12099,4485,8362
13225,12855,14016,1697,6379
1101,10290,1230,4460,1430
5978,999,3168,4500,7526
6799,6554,10284,1978,978
12035,13303,14346,10879,9149
4572,3138,2139,9849,5181
10786,4113,8481,8993,2548
10786,6907,5869,1823,7602
11363,4486,1403,8982,675
3660,7685,6489,6731,6465
7896,4605,5775,6469,14353
12612,399,102,10532,4812
4616,4473,3472,1366,3341
2194,2338,3980,5594,12688
14234,3254,12474,4244,978
11581,3082,2415,13175,1234
6121,4286,1963,5616,13317
1474,10183,10465,1978,1092
9681,688,2114,5214,1467
14399,10325,3340,13611,4465
14399,10325,3340,13611,4465
14399,3546,14025,1095,9055
14399,3546,14025,1095,9055
1128,11252,2639,13059,12111
5283,8916,11191,14376,6047
4202,10520,2544,9929,9613
5098,1101,2553,6539,12875
9154,12942,9425,9760,1342
9221,7545,12299,3748,13263
1852,12602,12265,11481,5490
1767,10397,289,662,7705
2216,5530,2827,8141,2482
12586,10851,7151,3159,7371
12586,10851,7151,3159,7371
953,10816,8512,10352,11284
10626,5957,11218,12941,10439
11571,12813,12379,9913,13853
6932,11404,3253,2321,9613
3498,13646,12332,9244,5672
12465,9595,13985,13634,9155
2853,9140,9433,13529,1829
9271,2544,7420,9613,11441
121,13923,1996,7718,7972
10057,1266,11453,10976,1467
10057,8595,7878,8957,13634
11125,4812,1978,1092,2544
11242,102,91,14492,2544
11242,102,91,14492,2544
10130,13151,11690,12716,4009
286,589,12928,11536,3411
11027,12008,13090,200,9686
14231,6379,6922,13644,10859
14017,2607,14293,9009,518
6575,3472,8727,12731,13011
3944,9033,3187,12813,8275
11178,6399,3659,1632,3438
6779,14353,4605,12824,12688
12265,2338,4605,12417,12718
8519,9929,102,11441,2447
8519,6921,3082,3680,13498
12434,13634,1546,13647,8181
14115,3546,9055,14025,1095
1979,14375,2447,3168,9929
2990,3610,1629,5279,12992
12009,7116,518,9479,2153
13443,6752,10879,13632,10851
11273,9718,13498,3082,2415
940,8411,11839,10962,6290
11894,7064,7211,11535,3403
11894,7064,7211,11535,3403
11894,7064,7211,11535,3403
7203,9149,2675,7151,13303
5906,9216,9895,7169,12346
4130,594,7063,3205,10234
12210,2864,2607,11420,6524
12090,13347,7134,7371,8245
8046,13968,8848,14454,10382
8262,1652,5945,2372,9692
724,9718,13498,6490,2415
10660,7878,3344,9073,7132
11658,3168,9929,13761,4244
12692,7005,4366,4501,6524
12692,8902,8565,6304,11471
7948,8421,14252,2669,4370
85,9256,6283,118,10022
14533,9712,11148,12503,7959
14042,2676,2794,5107,10125
7869,13059,13505,2639,9176
5528,5957,4342,13793,6509
3928,2553,12875,410,12506
13629,12914,10595,8233,9022
896,920,355,8916,9653
1557,12173,11670,11744,3495
11694,5642,11055,10202,9688
4353,233,3440,3570,155
3984,518,2607,6686,11082
4564,5406,102,3168,5829
9808,1963,6752,4930,7596
10488,2133,1147,8929,5642
6379,6721,11849,139,14092
6379,6721,11849,139,14092
6379,6721,11849,139,14092
6379,6721,11849,139,14092
443,102,14375,14492,3168
6815,563,14419,4712,13264
8259,2544,91,5623,14375
4854,5530,12043,7078,9785
1692,10597,3387,14252,1691
2131,9582,514,9138,12441
7969,9149,13632,2626,7665
12001,5692,4717,9617,7878
2522,9613,9929,3168,2544
11110,6758,1907,125,9805
49,5617,5962,12925,2858
1279,5623,6566,13516,978
3095,2263,12730,323,2278
8948,91,14492,3168,14375
5125,3082,8619,5524,13175
5231,7878,8957,8936,5692
116,3542,3546,9471,11222
2651,3082,13312,10411,8851
7527,13517,2418,574,2645
2153,2544,9929,11361,3168
14349,4465,5135,4979,6794
1996,10051,5704,13742,8068
11206,2847,526,4635,10998
12278,12198,5741,14126,6360
6823,2415,13498,3082,9718
12719,8538,6492,1756,13997
1491,518,6524,2309,4886
13154,7420,2544,9613,3168
2383,9425,12942,5626,5664
13841,4556,10885,12097,4663
13841,2553,410,7722,6539
5071,3182,10770,8271,5037
9237,2660,1284,13207,7368
5353,2774,3186,3003,8564
999,14479,3225,2977,12530
8116,929,9091,10558,11355
12908,3431,6290,7806,4640
13492,6379,6922,7660,2199
6650,2858,10424,11200,5617
6650,6907,5869,8101,5590
5882,3165,8668,13230,11966
5882,2544,3168,8867,1266
10918,5692,4522,10081,12416
10918,5616,13317,11026,6121
12485,1072,13123,12217,12798
8580,1100,496,8219,12362
452,2774,10551,10746,10270
1672,2981,8450,4195,4465
7539,6922,6379,7648,1276
14084,6922,6379,477,12935
11343,13879,3159,761,7479
4650,13634,7878,2925,2024
9429,2447,3168,9929,2544
13235,13598,10453,2268,10519
2939,7959,5084,4963,6744
12706,8489,8929,10326,3691
9384,11968,7834,11112,6197
8237,4366,6504,7005,6524
723,518,6524,2607,6686
1040,10598,8445,10306,13781
13526,776,13634,2024,11249
6135,13230,1092,12474,9215
5600,2605,8502,10760,14252
13087,12790,12066,13879,13853
11959,6262,11577,1718,10938
13585,6389,8541,8371,8434
8184,5607,6626,1058,8308
12685,11968,13099,8538,3729
7694,5553,14011,8253,6834
14284,12875,6516,12820,410
8950,12489,10718,14224,13142
8287,3001,2639,13505,12731
9285,6290,12253,7806,9354
8505,2024,3933,12816,9216
2503,761,7371,13815,6583
8782,518,2607,6524,9072
10405,14375,2544,2760,9929
639,10145,6642,7475,4959
3455,2908,9721,5137,8362
1246,7384,2983,1193,9931
1191,9718,13498,3082,2415
8402,9326,1979,388,8462
13678,4959,2794,808,7043
12110,1713,12123,576,10669
7076,8864,7058,11924,3348
6473,5692,7435,7878,13374
7043,518,2607,7800,532
12572,3277,6642,7538,3853
4011,14374,2010,6431,5516
9601,13498,12939,3082,3680
5200,11471,9324,6304,4482
14159,4812,65,9929,9613
8861,11703,6560,6113,2891
1919,4603,10770,6381,13633
4211,12586,8513,13443,13193
9545,2544,999,1790,65
8331,5692,2631,13374,924
8331,13317,5047,5616,9703
1498,10663,518,6524,7005
783,1623,10296,2794,12473
9632,6047,2658,10892,12743
11739,12758,10976,3168,12474
10211,1088,802,9651,4438
3728,12097,13145,13841,4663
1329,13844,111,3166,3431
11707,3546,10693,1095,9055
7467,8916,3516,1115,5224
2250,10642,1286,12642,10032
7825,9023,2769,5222,3187
3383,7948,12925,6989,8734
3833,7043,5864,808,1843
11988,6921,9088,3082,7837
3766,7685,12594,12072,6875
10908,4605,5775,2474,14353
5404,6465,2111,8639,3780
8087,7254,7806,12253,3746
4228,14532,12178,8867,11985
946,14281,14163,6590,10247
5736,12251,8825,7797,6295
13908,12344,10637,10046,8133
9348,3955,2914,13756,11914
11017,3301,4796,5100,2952
12931,1291,12311,5530,2489
6335,518,2607,9756,14293
1505,9570,5855,6259,13789
13857,14338,11356,4718,9610
7954,6642,7516,5575,5738
210,11605,14497,13609,9517
12743,2241,10266,6026,8811
13959,8019,8681,13729,4313
892,2029,1577,5426,890
2023,6930,9316,6484,6691
9564,6922,10475,8528,5059
12851,11104,6070,10036,13025
3505,11988,10107,13875,13165
12997,5035,13721,12320,4265
14214,7410,5086,11692,13791
13077,5426,174,13721,13844
1520,9023,9617,5692,171
9920,518,11699,14497,2607
5604,9546,6071,1580,8353
5845,3907,11858,13583,9185
8953,12668,7348,14220,2912
8953,4337,2912,3749,8362
4659,13630,9456,5241,7176
2937,13083,3168,14492,91
3693,10352,4551,8198,12696
14146,2607,6524,11420,2309
1613,6121,6070,5047,10051
4630,13175,2415,3680,3082
2926,254,3610,439,1629
13272,13736,352,14489,562
2860,4244,9929,11361,5406
7816,6070,5607,6121,750
7816,8535,5607,7421,6626
14025,9354,10754,3166,13844
13524,14098,12787,6047,4293
11818,12910,2891,3581,9974
2967,9354,3871,14507,6906
2967,3546,14025,5631,3542
926,8432,3393,9891,5703
12889,1731,5575,1618,8393
5397,9501,4046,2426,2538
13434,511,8245,543,6597
4217,12586,10484,11429,11343
14464,11927,2695,11232,3091
7075,11927,11232,2695,10995
3598,14284,10707,2553,4259
8541,9613,13761,4894,102
7364,13405,7657,2400,6308
7364,8867,4244,11556,11985
3812,6606,5035,3431,10061
5474,4605,14353,1283,5974
4336,5102,9127,13244,2520
1324,10766,722,734,870
7141,10558,4161,12052,8574
5911,11425,11166,13812,9653
4372,4224,10703,4929,7333
10036,9808,13270,4980,9891
9916,7911,6260,9990,291
14180,486,518,2948,11877
13665,3550,6121,12806,13742
3655,13498,2415,3082,9718
1433,8411,5488,14507,7254
10006,3417,8544,5046,6332
1939,2447,11441,7526,3168
3083,10749,8888,3907,13453
8830,7642,9690,633,9262
9192,5957,7322,13534,10653
3918,12473,14127,9330,8462
8252,6121,9703,13317,7401
222,4649,726,4500,978
6994,932,1340,3455,9958
3352,6907,1823,6480,10285
1660,4868,7494,3472,9176
5712,6101,13981,579,12925
7531,6847,1964,4365,4062
5796,6907,6480,389,8101
13944,4626,9319,7082,12778
13945,12875,10360,410,14284
9207,7878,6025,925,2024
14142,5607,6626,7421,7927
60,2544,2447,3168,12474
352,8957,4921,10753,13634
11043,13736,6922,14030,6379
704,4618,9718,13175,106
10645,2342,12547,10385,1671
92,7019,6384,14339,9520
92,14283,11807,2940,4075
198,1983,12989,11955,8336
6992,8103,2024,5789,11173
2113,14497,13609,178,7430
13846,10025,8750,13781,1347
12070,8362,7443,8815,2410
12844,4047,9934,4976,11379
11317,9929,2544,13761,3168
5848,12955,4222,9639,12481
11958,4592,6554,4244,8867
3185,2990,1657,1112,2495
8681,5617,13331,947,5387
8779,4009,8880,13151,12456
2438,7214,9465,5421,2107
4427,11471,4482,9324,8544
6434,4605,12688,12824,592
6319,10879,8937,10156,3583
6933,10264,2113,9835,14
6508,5231,5568,7440,6922
10156,12385,5564,1713,11364
4150,14,5617,11380,2548
12608,13512,10763,8581,14138
28,4605,14353,12688,2696
8647,13634,12478,12096,7878
4196,1974,14454,6351,4349
4468,5305,5398,9088,6513
10957,12717,2607,11605,178
11653,10482,8040,5461,8868
11653,5616,8535,5047,9928
11629,3528,12416,2866,5692
12652,9456,12385,2064,4377
1461,6108,4867,4894,11303
8662,3868,4522,13923,3290
4739,5898,4335,9543,7684
4390,5530,1423,8651,3046
5700,8636,1014,7334,3590
6821,3212,8314,2124,12490
1032,13013,3666,3992,9950
13985,9916,6875,10306,4390
4291,12543,2928,7019,10957
14386,8103,2024,7878,4498
2464,4310,12569,12482,13632
10366,739,4894,9613,4812
13587,13808,3411,3072,13687
2508,14492,91,9613,12252
8866,355,12109,3516,2038
5025,2771,5406,4696,8271
13470,65,9613,978,102
8811,7878,7132,7009,4412
4894,10288,1698,11303,9499
4894,10288,1698,11303,9499
2716,4028,2427,14539,5543
12400,6492,11380,11706,10125
5494,4337,13367,1506,52
1969,4605,10347,6469,2338
8207,8167,3358,8442,5572
1844,289,10397,12671,14434
6219,4894,10976,1978,13288
3960,3166,13844,10754,4265
10911,3159,7151,9899,12749
11600,4605,592,12688,2140
934,8038,13879,13853,1713
4394,454,1302,14393,9056
12178,13151,1434,11690,13946
9264,3168,9929,4244,4
137,5864,3186,13267,3853
6446,2447,999,14492,11441
9740,4269,2829,7850,9734
3436,13011,7494,9036,7575
12665,10436,10700,1442,9488
13053,9324,518,1011,9665
6749,2398,12837,2794,6967
2765,2544,9929,3168,14375
10252,12170,8581,12915,11237
661,7722,7992,2553,12875
13775,6922,6379,3570,11163
10709,7356,14507,3871,9354
10709,4115,3546,1988,11397
5526,9519,1343,13633,8879
444,4487,1843,5864,3830
13340,12688,460,4605,13699
12354,399,13761,3168,999
7482,5692,6881,6576,13374
8396,2011,6907,2278,7567
2848,11216,5145,2606,13923
4861,3082,9718,13175,13498
10717,2631,5692,1520,5283
3972,3165,9958,10948,13230
235,6351,5100,6232,2940
4195,7494,7575,9036,3472
618,4605,7459,5775,14353
7973,1863,11669,5129,9753
3943,200,1879,13108,1430
526,2418,574,2993,3524
3950,1713,6545,13879,9899
5704,9808,6752,4486,10788
6419,6194,1133,1972,8172
13688,1000,3315,300,7135
10580,3242,9771,12990,379
12022,2775,14388,2024,9767
8000,13634,12617,2024,4083
1136,3847,7115,10475,1230
7055,9009,518,97,6504
13681,10360,6328,2591,3050
11257,3048,12490,3094,4212
1946,13634,3436,3344,7878
6540,2056,688,4926,13347
7811,13573,579,9451,6003
12628,4244,3168,2447,2544
13891,5084,9709,10306,9837
5514,10698,3509,12797,8716
10172,2660,11734,9768,11729
1122,4132,9284,12743,7322
12766,8848,8115,3437,2384
10342,4605,5165,3782,8306
3012,2194,10424,9581,7820
7330,518,6524,2607,9756
3763,3358,8442,8501,4660
4214,6636,2891,7122,1523
11251,9437,6506,3053,2304
4968,6240,14082,13923,12813
7622,9450,8127,14076,187
206,3082,13175,13498,9718
10237,11380,3842,3186,5387
13515,12307,88,1847,3645
3175,10863,1989,5113,11374
2541,4475,2587,10383,10367
12654,4605,1063,1283,5579
1728,8264,1146,14175,2998
8643,8103,13723,9401,4568
3793,7450,8800,355,8916
14043,14083,3215,13321,6760
12012,3234,7473,4063,13434
4934,4743,10584,5131,7515
9331,9280,10277,9769,410
9246,14375,14492,9929,2447
854,3542,3546,10686,4112
4036,5145,1586,10879,1130
9980,5015,8361,8815,4815
1628,11194,7144,5530,2482
8256,8825,1366,7797,12251
14040,12490,11199,8291,4891
5874,2418,2993,3524,13517
14539,13909,3795,5084,5702
6312,7809,7005,518,11420
5737,5061,7543,2593,4262
11859,9771,3093,8477,11269
11040,12824,4605,10969,163
8781,12821,10966,8005,9478
1489,3414,10006,12857,2526
10037,10402,1238,10049,3623
13184,7456,10995,6525,3404
3461,6524,518,10703,11699
7598,1230,10194,12503,6829
973,1031,1506,6867,10760
894,11625,5702,12675,7408
7998,1578,4310,10127,1340
8369,1230,4594,6182,6829
6913,12977,13627,1000,2640
6616,2418,13517,574,2645
750,576,5316,7151,8662
14294,12717,2092,9517,13750
5977,3082,9718,12789,9397
2675,5692,13374,9023,12416
14250,14388,11835,13627,13599
3359,13815,9456,13923,5258
12383,12688,4605,5165,7675
2083,4244,739,14150,91
13729,287,3236,925,2887
11548,10265,5084,5037,7526
10305,2415,3082,9718,6929
8222,11669,1447,7744,5164
779,14353,4605,6469,3604
4391,4671,5065,8485,10120
2362,11168,6379,4496,8376
9471,14286,3068,7768,478
8893,9003,2389,5806,13687
12523,11609,7642,4868,2658
10382,13634,8957,7878,13984
5265,1843,7935,7828,7671
2114,7713,8868,8040,10367
7942,4894,14375,11441,1461
5400,1230,11094,1495,14065
7836,1653,2995,8317,1322
6214,6047,2360,8800,909
4508,10558,9091,10222,10167
3757,10558,7975,5826,4950
3487,3516,10498,8916,1509
7157,11408,11404,8738,14049
11443,1682,9003,7151,8089
12679,8485,4671,7810,5065
12474,13151,4009,11690,9922
10246,518,13609,9009,11699
9366,7494,7575,13011,3099
266,10197,2891,14434,4758
5205,5145,4720,13431,3159
5205,5145,4720,13431,3159
1010,6524,2607,518,4501
13462,10042,3840,597,7685
2810,9456,3659,14210,13923
13273,11521,11338,11633,7456
12457,11613,8387,9931,7973
3563,4605,14353,7603,7459
9410,12731,13505,2639,9176
11578,12875,10542,6516,1536
848,22,9324,11112,14098
6579,3525,11844,5956,6749
6579,10277,7996,410,2553
6494,2660,5747,7700,11301
5639,7005,518,2607,2624
4317,5387,1843,3853,11170
7713,5113,14282,10863,14383
9137,9929,3168,13761,10520
9137,12934,2460,3839,13258
2197,200,13846,2908,1230
3000,11265,1855,7018,12236
98,12416,5692,13374,2631
11228,7992,5329,2940,8824
4076,4904,11950,125,9810
8248,11546,2774,9956,6782
14344,12734,6844,9065,4850
12782,3926,7372,10361,12394
6539,12875,2553,7992,10542
5513,2687,12746,9813,5464
1629,9354,7254,11076,13844
7281,518,12717,6524,9517
6101,5165,4605,592,2338
10687,13596,3186,3666,5387
3651,2544,9613,14375,9929
8568,7992,9280,2553,410
2902,1230,5623,10698,12334
10817,13347,6077,13923,2739
2558,5084,10265,13846,3552
10228,3678,7093,4549,11334
6649,2767,8581,10976,4201
6649,6709,13123,12798,2861
12283,6108,11538,11237,4476
12200,14353,4605,12824,2474
88,9313,8049,11306,9391
1071,8245,2662,13923,2265
7128,11194,6048,13012,12297
1469,9003,11793,576,11549
3479,706,5084,8686,1120
1092,7950,4932,1706,14479
1092,7053,1978,9613,102
7275,11076,13844,7773,3082
7275,8115,5137,7328,12744
12926,9929,14492,14375,9613
12551,13290,5224,4475,8868
12327,6922,5413,6379,13236
5332,5557,6361,10205,1646
11279,2773,3414,1432,7294
6460,65,399,2423,2927
10966,5623,4244,2544,9266
11119,10669,1025,589,10769
11119,10669,1025,589,10769
8272,6379,10984,11367,11335
13850,997,5426,12717,10272
4041,2639,12731,5615,4606
7526,4551,6514,7162,1615
7526,4551,6514,7162,1615
5047,1682,2636,10797,576
3207,65,8867,4812,399
7908,12547,8630,2828,9312
4270,13994,14211,479,7042
200,4671,8485,2201,96
10014,14375,5952,11441,1266
6384,11807,3242,10691,11333
1166,2342,10223,2828,7670
7028,7843,12589,7036,13815
10808,1638,3658,4620,7777
13961,10852,12531,11218,6934
361,3556,10425,6438,7085
2936,7569,7878,13374,5692
11692,10754,13844,5035,10191
3934,14060,10768,11147,11641
9260,4894,9929,10416,4244
6498,13105,11189,12064,10203
478,12503,7959,5702,14179
4350,13110,7431,1226,7722
4475,14383,1989,7285,10863
5717,7878,8103,13634,2024
5300,65,4812,2544,1092
13190,12474,905,2908,1266
8356,5164,1830,11615,10215
4645,11691,185,10816,3556
14379,5530,13745,3894,4824
8907,9446,11051,13938,2090
8581,64,5331,6816,4308
11555,7828,11031,808,9950
9634,11968,9384,6653,6642
5762,269,12717,5618,10953
5459,9833,13752,14249,1888
9969,6379,6922,7388,2085
11389,7976,10601,3548,10900
1036,594,5214,11469,2129
3566,11924,13891,5119,1949
3561,6525,13280,11372,5055
4896,1843,14314,8353,12512
7428,9080,4859,5100,7697
13011,3186,5617,8059,2858
9109,3099,3352,11609,12626
4714,2961,1941,14476,7945
9372,13634,2024,8103,13647
