3394
14530	528	154
1150	6789	189
12387	528	154
7913	4824	189
6939	6084	202
3169	528	154
10805	6084	202
1370	7526	212
12545	4626	13
12563	10167	117
4457	6084	202
2372	5957	88
3135	6379	114
4973	4894	212
11318	528	154
3927	9324	90
4746	200	201
1344	6084	202
1982	528	154
2334	7526	153
14309	4626	13
7192	7526	153
9265	12269	117
13	6379	114
9949	200	235
14255	6084	202
12438	4482	90
2547	6771	220
5835	4209	81
5759	6379	114
8599	7064	141
2569	12350	147
10926	4565	155
9065	6379	114
10257	6084	202
3141	6084	202
13755	6379	114
1018	12168	137
13435	6379	114
5387	14402	85
966	6789	189
7026	2660	236
9213	13366	189
14086	7911	202
13393	2415	188
4461	6379	114
9813	6084	202
8061	9152	235
7914	2482	189
5071	4894	212
1385	7526	212
2603	2781	147
10909	6084	202
3562	9708	235
1165	13598	72
2391	9324	90
5540	5957	88
1851	4626	13
12916	6379	114
3425	8249	112
11905	3403	235
3667	7526	212
5063	5957	88
14060	9624	177
2743	9324	90
10001	5957	138
7642	528	154
9045	3795	220
10080	11194	189
12224	6922	114
9943	528	154
11554	6084	202
5853	6379	114
12719	9933	119
7195	9324	90
13774	5105	125
7636	2660	236
762	528	154
10985	6379	114
6879	7115	235
12482	6084	202
11569	7911	202
1154	10558	117
9769	6379	114
14242	7526	187
14279	7526	212
2416	7911	202
2824	2518	235
7618	10558	117
11507	9308	94
13840	12017	125
12460	12099	222
13423	7439	211
2630	12428	220
1306	6084	202
7788	14444	220
7245	1266	212
649	10598	159
11247	6084	202
12328	10558	117
11722	528	154
5541	528	154
13452	1092	212
7477	528	154
12675	6789	189
2785	7526	212
6989	11926	137
1554	7526	212
4100	7526	212
6745	6379	114
2445	6379	114
5604	7526	212
1737	5957	88
10115	5084	159
1707	8851	188
11724	3082	170
11405	6379	114
4031	11291	112
2377	6084	202
233	6379	114
6576	6084	202
13882	7526	212
6942	528	154
10388	528	154
13230	528	154
163	12168	137
10032	7911	202
9311	5957	88
1260	9215	177
2169	7526	153
13694	528	154
7980	3403	235
1250	742	85
2921	11471	90
13341	6084	202
2574	9308	94
999	11194	189
14531	5957	88
3495	5026	235
5564	528	154
11888	12601	220
4822	7526	212
7487	6771	235
332	6379	114
4450	1794	212
721	3898	137
5539	9324	90
6749	6379	114
14385	5545	41
5449	7496	212
3841	6084	202
1147	7526	212
3151	13017	117
141	4894	73
9193	6379	114
6739	9324	90
11864	7526	153
2441	4894	212
12953	10558	117
2234	5957	88
1632	7911	202
8900	12008	220
4317	10558	117
10003	9686	201
1935	11071	200
7771	1007	50
4332	13017	117
6755	6084	202
516	528	154
14169	10554	144
10432	939	212
1758	6421	235
12648	2660	236
5385	6442	1
4527	528	154
8331	6084	202
10578	6379	114
2858	9324	90
11044	7526	212
3020	6379	114
7016	6084	202
11226	5530	189
1103	6379	114
11231	7526	212
8910	9881	112
4032	6379	114
6695	6379	114
10908	107	194
7009	1007	50
8310	3068	211
848	528	154
7292	528	154
6826	3795	201
3551	1790	212
9932	3082	170
9613	8867	14
6355	528	154
12992	7454	160
8249	4894	212
4708	5957	88
14144	2660	236
9557	12481	211
12878	6084	202
14369	3082	188
12071	4894	212
9151	4894	212
6876	9324	90
14357	1461	212
4358	3588	212
10900	8175	211
4020	8206	147
869	528	154
12913	6084	202
7986	528	154
2567	9324	90
11043	6084	202
3987	6084	202
9011	4557	137
2592	2660	236
5389	5530	189
6863	12241	117
9227	6379	114
511	7526	212
11492	7526	212
13173	5957	88
14346	7911	202
13593	528	154
3562	6084	202
3613	5957	88
5603	5957	88
2547	7814	212
2265	6084	202
9278	5957	88
1461	2482	189
2664	5084	159
12028	12099	222
13160	528	154
291	6379	114
12660	6379	114
11087	528	154
6845	7526	212
2538	9933	139
2760	8867	14
8272	3588	212
12243	528	154
9292	3624	36
10150	12549	85
8228	5497	36
2440	6379	114
13132	13536	193
2943	7526	212
10402	9324	90
13289	10265	147
8668	1849	94
788	6084	202
11671	5530	189
6203	9324	90
170	6084	202
6980	8438	94
11276	5986	94
13762	7526	235
11139	5957	219
2049	6084	202
6056	3082	188
925	12294	235
2961	13366	189
11272	528	154
950	5394	235
10004	12725	192
10277	6379	114
1758	6084	202
5784	2660	236
10975	12844	137
12387	2482	189
5339	11071	200
11479	13498	188
14162	6084	202
2251	1081	211
4891	528	154
1147	6379	114
9883	7526	212
3935	1069	235
6850	9324	90
4277	3082	170
4081	13622	119
5058	10532	212
3698	5308	188
1347	6789	189
9371	6084	202
1587	5957	88
14366	5957	88
14340	12919	112
6073	4894	212
13633	9686	220
2780	5957	88
13429	528	154
7811	5957	219
12906	6379	114
6646	6084	202
12465	6379	114
3617	11680	212
3583	9686	201
3508	4673	235
10067	528	154
9481	3082	170
5004	4626	13
8075	5957	88
8095	7526	212
1061	6084	202
9275	6084	202
4141	6084	202
4411	528	154
7184	6379	114
10136	6084	202
1541	5957	88
9047	736	147
8545	5530	189
10463	13498	188
5556	6379	114
9576	5957	219
9949	6379	114
12476	9324	90
14166	528	154
7383	9324	90
14025	6442	1
7191	7526	212
9047	528	154
7216	8087	177
9017	7911	202
13319	4626	13
4235	6084	202
2298	4894	212
6026	13017	117
8826	528	154
9736	6792	65
11737	6084	202
5225	6922	114
4116	7526	212
3622	11218	88
10920	4626	13
1676	7526	187
11308	1794	212
589	6084	202
11677	6084	202
6277	88	212
6525	2660	236
8652	528	154
3402	528	154
6695	6084	202
11773	12511	222
847	9324	90
3707	6084	202
7264	528	154
12534	6379	114
13210	7526	212
5821	6379	114
4863	6379	114
7885	13366	189
7108	6084	202
9111	9686	220
10932	6108	107
10379	7090	235
9595	5733	220
13649	64	117
13764	6884	220
7418	6379	114
3318	2908	159
12316	528	154
14132	11679	117
9493	528	154
9656	1007	50
8911	4626	13
9646	12511	222
4481	6379	114
1034	7655	137
5872	939	212
9827	7526	212
8767	4603	36
7345	13366	189
3564	3861	65
11246	12099	222
9240	6830	141
14074	11967	235
2822	6379	114
14484	6379	114
1560	7462	209
5226	7526	212
5897	6379	114
6416	528	154
11132	1472	177
94	6379	114
14531	2721	112
809	7454	160
11064	2908	159
13972	11967	235
4832	7526	212
52	3624	36
11497	8953	90
9070	6479	184
4074	7526	153
5117	528	154
9190	3082	170
3515	4391	235
5310	6379	114
144	528	154
1395	528	154
11566	9324	90
10508	7299	144
10715	1007	120
1481	6084	202
14222	6513	188
10145	10625	36
779	10637	36
3649	88	212
2282	6084	202
14338	3082	170
4616	7526	212
7154	6442	1
6598	5957	20
11364	528	154
202	9686	220
1077	2482	189
4682	528	154
878	5957	20
9776	528	154
71	13366	189
14222	7814	212
12741	9228	85
5161	9744	177
11560	1613	137
2510	88	212
8051	6379	114
1878	7526	212
1768	6084	202
702	5957	20
7511	4626	13
7975	2908	159
7530	5957	88
3541	4626	13
12875	6379	114
11424	7526	212
9159	6084	202
13945	1230	141
12048	7526	187
13780	5957	88
775	6379	114
10473	7526	212
2106	528	154
9946	5530	189
5991	6084	202
9912	9002	184
11052	5530	189
6810	6922	114
12223	3082	188
11054	6379	114
7610	6084	202
13787	6474	137
11796	4626	13
7628	9324	90
9275	6379	114
11606	12099	222
6516	3082	188
11439	6084	202
7743	5957	20
4463	4727	41
3639	4894	230
7065	8626	137
1221	5530	189
4679	7911	202
2284	6084	202
14227	4626	13
9099	6379	114
2672	528	154
2354	7962	184
5687	6379	114
5003	4894	212
9060	9324	90
4104	11218	88
10971	6084	202
3917	9463	65
12371	1006	177
962	7526	212
7708	7526	212
13145	6084	202
12116	929	117
13005	3082	170
11142	7211	235
6422	3403	235
11824	11194	189
961	528	154
8539	6084	202
3230	528	154
14195	5957	20
8965	6084	202
5794	13396	235
6597	7526	212
8437	6381	112
13956	1646	113
3203	9324	90
12513	6379	114
9081	2660	236
9507	5084	159
5777	6831	235
2845	7911	202
12805	10690	91
10865	13366	189
6228	2415	188
3078	6108	107
4486	5084	201
2111	6789	189
12399	4500	235
7205	7911	202
13863	4626	13
7675	528	154
5162	5957	88
2712	7911	202
6987	7526	212
5913	528	154
2359	4626	13
3445	2351	144
2591	12758	212
9809	5968	220
8048	9305	235
2229	7526	212
8892	5957	219
13624	690	206
6622	7526	212
9860	6379	114
10493	12419	201
5870	528	154
856	6084	202
1423	528	154
7120	6233	220
1611	3082	155
5897	528	154
11953	3588	212
450	6379	114
6230	7526	212
13526	6084	202
12934	6201	112
9539	2214	94
13863	5530	189
8319	6379	114
6058	13366	189
11294	528	154
11747	4894	212
4173	1794	212
4307	4894	212
1385	88	212
13994	7443	91
9394	6379	114
1532	5497	36
6768	6379	114
8256	7526	212
7475	54	184
12124	4626	13
7860	13526	112
13425	9324	90
1009	528	154
4714	13366	189
11978	7526	212
6931	3082	188
4084	9324	90
1110	528	154
10611	5957	219
7234	12321	221
1555	7526	212
9578	1890	188
6244	9324	90
11421	6084	202
5217	6084	202
2940	3082	188
15	528	154
4621	4626	13
6067	9324	90
13042	5530	189
4653	5957	219
10932	6393	125
11628	528	154
8928	6084	202
10612	6379	114
6780	6379	114
5736	7526	212
2585	6108	107
5246	14150	153
5925	7526	212
8795	6084	202
3562	13909	220
12770	528	154
14272	6379	114
7979	929	117
7864	2660	236
13103	7526	212
6006	6084	202
9704	9903	137
1987	6084	202
6076	10558	117
7303	5084	159
14324	6084	202
3190	6884	220
6638	1472	177
442	6490	188
4545	528	154
14366	12099	222
3584	4565	155
12180	528	154
10932	6084	202
676	7526	153
12912	7526	212
10912	528	154
8648	6379	114
9135	5957	88
12100	1794	212
13052	528	154
12228	5801	184
8239	6084	202
11265	6084	202
12570	5216	144
12950	528	154
2410	5957	88
11871	6084	202
5282	7911	202
11815	1170	137
10850	6379	114
2367	8175	211
11203	301	112
961	6379	114
11390	528	154
9330	5957	88
13825	4626	13
3784	528	154
10227	12099	222
13708	9686	94
1669	6084	202
11431	9091	117
11126	12804	220
8052	5957	88
12013	4626	13
11175	7526	212
10960	9091	117
13181	9324	90
11663	528	154
13452	13598	72
1146	6379	114
2073	4894	212
14103	7526	212
10865	528	154
14502	1230	65
14332	5814	137
1017	6379	114
13683	3082	170
4012	7064	141
12419	6108	107
1135	528	154
1749	528	154
12288	528	154
7468	528	154
1415	7526	212
9590	3082	188
10458	6379	114
14152	5957	88
14487	7526	212
7353	5957	88
10023	528	154
5034	1007	50
4027	9324	90
7639	4626	13
5833	11257	212
7142	10558	117
334	1794	212
10619	1230	235
2590	6379	114
3969	1275	85
13892	7526	212
14183	9324	90
11737	6379	114
5031	5957	20
7782	10558	117
12813	4026	235
12645	14059	39
9174	11686	137
738	9324	90
1451	528	154
6890	528	154
12330	1007	50
5604	1007	50
6890	5530	189
12687	5957	88
7449	10185	220
13499	6084	202
2267	6108	107
5591	4626	13
1095	13366	189
10681	4603	36
9272	5274	64
5966	5530	189
3205	7526	212
5038	2282	137
7942	3658	112
4008	528	154
4506	5957	88
11386	9324	90
11142	528	154
2525	1007	50
3670	1794	212
8426	6379	114
10282	5957	219
6849	528	154
731	13656	137
1708	6379	114
9439	528	154
9903	528	154
6600	2915	235
14250	64	117
11825	5957	219
14368	4626	13
9637	13017	117
7756	5957	88
5759	1794	212
7288	13017	117
2028	7526	212
11537	6084	202
14010	5957	20
3013	7526	212
13549	13076	137
12864	528	154
9999	4626	13
6148	9324	90
14369	7911	202
14241	102	24
14366	14482	206
2943	6084	202
3530	7911	202
9752	5084	159
13863	5957	20
7865	6379	114
6842	7526	212
13903	88	212
7874	528	154
11492	6084	202
3298	528	154
13865	7526	212
2815	6084	202
9488	528	154
13754	7911	202
11834	7526	212
5413	5957	219
4801	3919	117
11408	7526	212
10752	6379	114
14168	2482	189
6290	6108	107
14459	6789	189
1460	9372	112
4801	7526	212
9215	528	154
7124	6084	202
12851	1230	220
13297	528	154
52	6780	137
1177	13820	235
9638	6084	202
9625	528	154
7683	5957	219
5143	3082	155
5081	6084	202
9287	9324	90
11183	528	154
4857	10924	137
4524	2996	124
4512	9324	90
3112	5700	236
4065	11665	41
14072	6084	202
6334	13017	117
5873	8818	235
7694	9976	137
6963	528	154
11428	4626	13
13454	11136	112
10602	4626	13
12344	6084	202
5512	3082	188
7851	9324	90
1994	1230	9
13355	6379	114
3024	14311	141
9353	6084	202
1200	2159	220
9146	10329	81
12350	6108	107
6035	7911	202
12867	6379	114
12449	6084	202
14456	4247	194
2018	4626	13
13764	6084	202
5724	6108	107
11867	7526	212
6891	3318	125
11863	5957	219
5854	7526	212
8691	9091	117
9119	1750	117
9342	6084	202
809	5530	189
14060	3685	177
5695	6084	202
7559	9324	90
9709	6108	107
12198	7526	212
211	7526	212
3056	381	235
6514	6442	1
6649	2461	220
9545	9324	90
3773	2415	188
11845	2518	201
4687	528	154
4685	528	154
3305	7526	212
12700	528	154
13302	9414	65
8881	1230	235
5765	5957	20
14420	5957	219
3716	6442	1
7468	6084	202
13746	528	154
12678	3082	188
4440	528	154
5140	6084	202
3063	1358	141
3374	5530	189
1665	528	154
7057	1230	94
3661	3882	184
12292	2482	189
7626	6379	114
10327	4436	139
10032	6379	114
2481	608	147
14116	9091	117
12029	528	154
8647	3318	125
8506	5530	189
7414	6108	107
3143	2356	137
8299	7526	212
11552	2798	144
3795	528	154
5964	528	154
6466	5957	20
534	1007	50
6724	4626	13
14416	9324	90
9591	7821	235
6662	13076	137
3790	4626	13
14104	64	117
4433	4824	189
13406	7526	212
3129	13017	117
9696	5986	9
8979	6789	189
9539	2214	9
12403	528	154
3687	1105	36
8080	8076	235
5373	8965	144
1489	528	154
10169	3082	188
12465	9091	117
9488	14166	137
1809	3082	170
176	7262	94
8218	1487	192
6067	10770	112
6883	6379	114
6503	3082	188
3108	528	154
4885	6379	114
8566	7526	212
14442	3082	170
4604	3082	188
3347	6379	114
8742	2660	236
9546	5957	88
253	6084	202
8691	7911	202
10355	528	154
12312	4626	13
2181	929	117
7953	6960	117
8180	7526	212
10839	1993	184
6309	6379	114
4098	9324	90
2030	6379	114
11626	7526	212
8998	11194	189
10656	5957	88
6425	528	154
12539	3082	155
1976	4626	13
5325	7911	202
11950	6084	202
9314	6884	220
9696	528	154
9032	4074	124
7799	6379	114
13195	6084	202
8660	7526	212
11497	6872	36
7668	528	154
4639	9324	90
5564	6084	202
56	1007	120
14084	11257	212
11748	3403	235
2640	7526	212
9992	5530	189
3501	7526	212
12198	6379	114
13956	10976	24
7672	5525	117
11726	4123	137
8409	7945	177
8870	528	154
7686	7911	202
2980	9324	90
4408	528	154
8421	9958	112
1363	3624	36
769	7439	211
7405	6084	202
5817	7526	212
7560	528	154
5890	12679	9
10361	6379	114
9451	3948	112
10487	1105	36
11656	4894	212
2292	2721	64
1132	4894	212
10362	6084	202
2824	9686	220
12948	528	154
545	929	117
8653	528	154
7415	7526	212
10453	7526	212
6914	10558	117
9201	13366	189
9341	9324	90
11137	528	154
7546	6084	202
8481	6532	65
2539	5957	88
5166	6084	202
8379	9138	221
11048	6084	202
7394	6379	114
4511	4363	211
5956	10558	117
6567	6108	107
4947	6379	114
6245	4626	13
11770	528	154
3293	13927	236
10927	6518	189
5532	9088	188
449	7526	212
2945	4894	230
5882	3795	65
13510	5331	117
224	1092	212
9145	9324	90
2218	2591	144
5823	10532	212
4838	6479	184
200	528	154
1557	7526	212
10514	7814	212
4603	904	235
3598	528	154
10881	12481	211
12955	4884	112
8360	6379	114
2583	13574	235
1895	14343	177
11756	3068	211
4775	5957	20
10763	13536	193
7102	7092	112
8750	528	154
5814	9686	235
11479	14059	39
10140	528	154
14535	354	184
2123	9686	235
6050	12029	137
1846	7526	153
1008	6108	107
10909	8429	235
8257	8669	235
11235	9324	90
10315	2660	236
1157	7526	212
12438	3449	112
9048	4824	189
7274	5530	189
7971	10532	212
9017	7526	212
10910	14018	94
13914	9324	90
1236	12135	144
11988	12789	188
10143	6379	114
352	1092	212
11617	6108	107
12994	1867	194
10057	528	154
4570	6084	202
4704	4894	212
5310	6922	114
8283	9324	90
7628	12099	222
10318	12421	220
8116	6084	202
13071	7163	144
2750	4626	13
3019	7849	235
9228	7526	212
8626	6922	114
8166	5252	65
137	11355	117
6791	9324	90
9542	13175	188
11478	5957	88
474	6084	202
8753	6084	202
11444	4626	13
7930	528	154
8737	5957	88
10641	6084	202
3962	7691	112
8908	6379	114
1895	741	125
9208	9686	235
9836	528	154
917	528	154
7247	5957	88
8652	6084	202
8130	12690	137
935	7526	212
13758	4894	212
4553	5957	20
6381	6084	202
13975	7439	211
1169	4626	13
12572	6084	202
4597	10520	212
11511	528	154
12148	9324	90
2322	6084	202
1404	88	212
10356	9976	137
12184	4824	189
13854	9324	90
13152	10000	81
2797	9686	201
14064	528	154
8002	1318	235
4815	11537	184
12488	6379	114
5745	4626	13
2950	3082	188
5695	10409	124
13478	528	154
14254	2518	94
11599	11599	139
4285	4824	189
12431	8070	81
10872	1585	94
7482	10475	235
12645	3082	188
288	3419	160
2947	528	154
2835	6379	114
8835	6084	202
12087	7526	212
14400	7526	212
1447	6084	202
12224	13498	188
12324	9324	90
4471	6084	202
13901	9803	184
12996	6379	114
8222	6379	114
9577	6084	202
8099	12601	220
14020	5957	88
13042	5957	20
8447	9686	94
12406	291	85
9031	929	117
8337	6922	114
6923	3082	170
7382	7911	202
12028	5497	36
2513	13536	193
6446	5957	88
5064	7526	212
12757	6922	114
5043	9324	90
11316	7526	212
2063	7526	212
2369	528	154
13410	3795	220
13503	528	154
4251	9324	90
8006	5957	88
5556	10167	117
11872	6379	114
9960	4894	212
5097	7064	141
13227	9434	189
5490	9324	90
3842	12481	211
8117	6084	202
2629	5957	138
12407	528	154
12449	10788	81
6649	6084	202
7014	8175	211
5542	13076	137
11406	9656	64
10300	7526	187
11544	7526	212
2420	4626	13
12914	6379	114
1172	8867	14
11837	3960	9
10324	6084	202
14457	5700	236
13705	107	194
10458	8404	235
4761	1230	235
6233	6108	107
4961	7526	212
5531	13017	117
6041	10532	212
9530	3861	119
1816	7911	202
467	5262	36
10617	528	154
11857	5957	88
14498	4626	13
14211	7911	202
12638	143	235
14262	6513	188
6961	6379	114
3075	3082	188
7992	7526	212
4090	10558	117
14038	11355	117
9012	6084	202
10416	8867	14
13348	6379	114
12929	528	154
4472	7911	202
13501	528	154
6811	6379	114
835	9324	90
11960	6084	202
10850	8198	235
6120	6084	202
1851	5530	189
4359	2647	235
6220	6084	202
8873	6379	114
4281	7911	202
1924	3795	235
8121	14199	41
13073	5530	189
10356	6872	36
5011	2908	159
9870	13909	235
4566	1230	220
6531	6379	114
11229	2482	189
3148	12481	211
4655	6328	144
9640	13667	212
6759	4812	212
3313	6731	94
5195	7526	212
8768	9324	90
4601	1794	212
8546	6084	202
12347	528	154
9436	7814	212
7501	3082	155
4909	6084	202
12112	9991	159
8487	5957	4
11447	6108	107
7304	3082	188
1877	3082	155
10527	5957	88
9351	528	154
6683	11665	41
5614	7526	212
7856	10865	235
5659	4894	212
3656	88	212
1792	7911	202
13419	6084	202
12623	1170	137
7406	9933	119
7675	5957	88
2594	8079	81
10517	7911	202
8616	6084	202
5629	3082	188
10960	6379	114
7469	7526	212
7417	4500	235
10270	8517	200
10109	6379	114
12971	10729	221
4342	3082	188
8406	9324	90
2034	1230	94
7306	3795	201
4813	528	154
5570	7526	212
6442	528	154
5181	528	154
640	10727	141
1476	13266	235
5653	14375	212
6630	11194	189
2974	528	154
2925	7526	212
1703	9324	90
1984	6379	114
10937	2585	212
8545	528	154
4564	5957	88
1805	6379	114
6758	7526	212
7672	6379	114
367	12573	159
6146	6379	114
11622	11431	137
12912	6084	202
3178	9781	36
12947	5262	36
3659	528	154
13543	528	154
8194	6379	114
14420	1794	212
2721	1230	235
534	3082	188
1987	5084	220
13378	9324	90
11081	9686	94
14359	5957	88
2732	5957	88
8013	528	154
7384	9088	188
12542	4626	13
7420	3279	189
2423	6108	107
8767	9324	90
10669	528	154
4272	6922	114
12565	3068	211
13238	9324	90
5397	7526	212
8035	1007	120
11403	12511	222
9193	6084	202
10305	9324	90
12667	11660	177
3139	3082	188
7131	7526	212
10251	7526	212
5668	6379	114
5624	528	154
4612	9613	212
6734	200	9
744	528	154
13739	6379	114
8804	2283	235
11669	6379	114
2333	4626	13
12624	4894	212
11401	6084	202
957	6084	202
3642	5530	189
5198	4626	13
2795	11218	88
14287	9686	94
6801	528	154
5344	7439	211
3891	528	154
4907	9686	220
62	528	154
7110	10690	91
12851	6084	202
4553	4626	13
6859	88	212
1816	1230	201
12705	7526	212
4264	7911	202
8248	6922	114
9472	10690	91
9307	3835	189
5093	6379	114
8767	9940	36
2622	11218	88
1184	7911	202
4362	6379	114
3280	5331	117
8255	4894	230
11112	5957	88
6309	9088	188
4969	7526	212
1130	7911	202
11799	5957	88
8060	4059	112
8291	528	154
1908	7526	212
1998	4894	230
7175	6379	114
7056	6084	202
13238	5957	88
5653	1430	220
1774	6379	114
2848	1847	159
12606	6108	107
8893	4436	139
13553	3082	188
4648	12601	220
3646	5128	201
5681	528	154
5117	7454	160
2582	7526	212
5141	7526	212
13022	4894	212
13756	1794	212
13076	6379	114
2609	6084	202
14413	6084	202
12030	11326	235
8389	12405	94
9660	9324	90
1048	6379	114
10248	10637	36
14430	3082	170
578	6379	114
3916	1007	50
231	4626	13
9736	9324	90
9665	1105	36
3768	929	117
7761	8175	211
8295	528	154
9119	12101	117
2098	7526	212
9371	6283	177
11631	528	154
10062	792	81
4542	5957	219
6662	9324	90
1395	10690	91
6575	1794	212
6187	528	154
6121	14237	89
3327	7526	212
13621	528	154
12963	6379	114
11841	7526	212
7666	13366	189
9672	5530	189
1176	528	154
13361	12099	222
6646	12789	188
6362	10183	159
5429	6379	114
9152	4626	13
1697	11967	220
13789	1794	212
5100	6379	114
6453	528	154
7667	528	154
10884	3082	188
1895	13598	72
5786	3658	112
6118	6379	114
2738	13017	117
10005	6922	114
6711	7959	235
5303	3082	188
1003	9091	117
6151	6379	114
10313	9324	90
12169	528	154
8370	6549	220
4536	6379	114
11137	5957	88
622	6084	202
11899	7439	211
1307	9324	90
5582	13017	117
9117	12481	211
7682	12844	137
10087	8161	188
7440	7526	212
9555	12775	235
8089	528	154
10364	12601	220
864	1105	36
11936	7526	212
7015	528	154
14323	13017	117
14056	10532	212
13018	12764	184
7343	64	117
5117	3419	160
11391	7526	187
13805	9324	90
11201	7115	235
13809	10532	212
3586	528	154
11349	6084	202
8184	12339	141
11831	6379	114
545	1007	50
1307	7226	137
7810	528	154
4073	1794	212
3580	7526	212
4292	3835	189
11466	528	154
890	6108	107
8757	7526	212
13779	5957	88
12523	3082	188
3675	6084	202
8159	6084	202
13894	5957	88
2168	13129	91
7740	5957	88
13664	6084	202
926	7625	81
10773	7526	153
1830	7911	202
1627	4649	235
1904	9324	90
5884	900	194
7926	12511	222
1914	7526	212
9550	1007	50
7702	2908	159
4545	10729	221
9489	528	154
10458	6084	202
3757	7975	117
13404	528	154
1220	6084	202
4711	528	154
14395	4667	137
4243	9324	90
14238	13536	193
6818	11898	206
7057	528	154
10608	3082	188
2773	2456	125
6360	7526	212
3962	528	154
490	6465	235
7900	6442	1
6083	3403	235
13330	3082	170
8715	6379	114
719	1900	235
14387	3082	188
12928	7526	212
10529	5957	219
6630	528	154
794	9324	90
917	5530	189
8586	9686	235
8981	88	212
5317	2771	212
127	12804	141
3414	6084	202
13482	528	154
11778	9324	90
3411	12594	235
11461	7279	220
9345	9177	64
12239	6379	114
13974	1593	235
7984	5530	189
2890	13017	117
11403	10948	112
4926	5957	219
9905	4626	13
607	4436	139
8327	528	154
9632	4181	235
4047	528	154
7004	6084	202
12868	14066	137
9327	6379	114
1647	12008	235
11606	528	154
5353	3082	188
11201	5957	219
2303	6379	114
6294	14065	235
14347	5957	219
1363	11071	200
11474	6379	114
5769	1750	117
1400	7526	212
9558	4894	212
7629	3739	88
14090	528	154
13450	3403	235
859	5530	189
2899	2660	236
11720	4894	212
9243	5957	88
3765	9324	90
12046	5747	236
14196	10558	117
1048	7590	235
9127	528	154
6036	528	154
12346	528	154
1262	4626	13
12071	1794	212
6150	9613	212
12058	4626	13
6083	1007	50
275	6084	202
10057	3082	188
918	6379	114
12185	5700	236
3140	11194	189
261	7526	153
12306	6379	114
1374	6379	114
1389	9324	90
3059	10558	117
14458	7439	211
4914	1988	177
152	12788	192
5568	10558	117
4192	6379	114
206	927	194
12396	5331	117
7896	11414	112
9100	9614	124
10897	11114	194
6251	3658	112
9184	1794	212
13029	10558	117
3693	13366	189
14484	4894	212
4402	1170	137
6600	1794	212
12011	4894	212
7548	1081	211
3590	7526	212
12996	528	154
10723	6084	202
2853	4626	13
1713	14438	81
902	12481	211
4503	5957	219
8791	1143	85
4908	528	154
9562	9324	90
10861	4626	13
3309	4626	13
13062	4637	206
3340	6379	114
12473	528	154
6784	12511	222
14314	1121	36
9130	5957	219
6388	14375	212
9635	5957	20
1130	10558	117
2168	10729	221
678	7911	202
12760	6084	202
11770	6379	114
438	1794	212
9810	7526	212
10012	528	154
1490	6084	202
10886	6379	114
3851	6379	114
13425	10998	65
6066	7911	202
9599	7526	212
2034	528	154
4226	2931	235
5703	7911	202
14519	4626	13
12168	3795	235
2518	5957	20
8469	6379	114
14049	7526	212
11983	9324	90
13527	7526	212
5138	1092	24
227	1092	24
8242	6379	114
7252	4894	212
6030	14063	201
2809	1625	192
7303	7526	187
1116	7814	212
12084	2908	159
8804	6379	114
13507	6379	114
6032	929	117
7266	12511	222
5843	9686	220
5514	7814	212
5853	4363	211
13577	11319	177
2468	10558	117
1089	14375	212
2460	528	154
12262	6379	114
11050	4894	212
7909	11071	200
10418	6379	114
502	8867	14
1541	9324	90
8895	5957	88
7059	5957	88
14208	10465	159
7211	4626	13
4823	10690	91
1899	528	154
8409	1441	177
4137	3588	212
2430	3149	235
10979	6084	202
9534	6084	202
7637	528	154
3441	6084	202
1453	3374	9
880	7911	202
10544	5691	91
4419	1750	117
894	6789	189
1735	4626	13
3897	5957	88
8306	6108	107
4246	6084	202
2199	7911	202
11595	3583	81
7708	12601	235
8761	807	72
14094	3306	236
961	7526	212
2256	5957	219
11409	6084	202
7678	3082	155
11538	8867	14
8366	5957	88
9137	9909	36
6342	11431	137
2435	3082	155
2978	9324	90
13181	8561	36
5382	12511	222
1656	528	154
5629	6379	114
7350	7526	212
5780	7526	212
10273	9091	117
6354	4824	189
2018	5530	189
1517	7526	212
1211	6922	114
2616	5957	219
7146	3082	188
4792	6084	202
6427	5530	189
8909	4626	13
11430	88	212
2665	2660	236
13018	9324	90
3011	6922	114
163	9324	90
2463	528	154
8274	7526	212
1146	7911	202
12799	528	154
10469	6379	114
14123	528	154
13843	7814	212
10363	9933	119
5825	11809	88
13968	12804	141
6056	7526	212
9978	5692	192
12431	7526	212
9372	7526	212
119	3082	209
1027	6379	114
7342	6084	202
37	5957	219
9901	6084	202
6807	4626	13
14146	5957	88
9416	9088	188
5472	4626	13
319	11355	117
12628	9324	90
13573	14166	137
12230	6379	114
4067	7526	153
5975	5957	88
7243	11963	235
2725	9324	90
1384	528	154
8996	12503	235
1448	7526	212
1301	6379	114
7175	9400	212
8388	6084	202
11223	528	154
8659	1007	50
3948	5957	219
12042	5530	189
10609	3068	211
7065	11071	200
1882	3403	94
13263	3795	235
95	528	154
7759	1794	212
8303	5957	20
13998	6084	202
11404	3082	188
4387	6379	114
5256	3082	188
2936	14297	81
5640	9324	90
9667	6084	202
13532	807	72
3139	10729	221
10432	6549	220
10277	9091	117
1922	3068	211
4425	1571	201
6248	5957	20
13340	528	154
13689	528	154
3162	13622	119
5941	6379	114
11968	5957	88
7998	1200	194
6146	1230	235
3234	6084	202
9021	12099	222
10405	9324	90
914	13598	72
9636	2908	159
1580	11431	137
8503	5530	189
1053	11218	4
4949	6379	114
14082	14059	39
5191	1794	212
12820	6084	202
2936	1248	235
496	528	154
8428	900	194
10259	9324	90
3376	6084	202
10922	5957	88
7632	8615	137
9480	528	154
1173	4626	13
3356	6056	112
12300	5530	189
554	6084	202
8650	528	154
8045	8610	206
12303	7191	137
952	13622	119
3186	11218	88
9701	528	154
1264	5405	81
3496	6379	114
8066	9324	90
10182	13598	72
13434	5957	219
9423	1430	201
9923	2908	159
6610	6084	202
11638	3602	113
5878	7053	212
8755	7526	212
13847	8161	209
990	5957	127
6263	528	154
5064	11355	117
9094	5957	219
5499	528	154
10481	12481	211
13580	528	154
3042	528	154
3679	3082	170
9590	7526	212
2856	6084	202
8972	5957	219
797	7911	202
11606	9324	90
13284	528	154
12953	6379	114
13238	4159	36
2863	405	235
1133	3795	201
6734	5957	4
11680	6108	107
3860	9414	119
12396	2078	235
1621	9324	90
4807	3082	188
12069	8076	94
3061	10000	81
9888	13656	137
2329	6379	114
11738	7911	202
8593	528	154
8094	6084	202
3120	6379	114
8328	528	154
11467	4626	13
2846	7526	212
6285	6379	114
5542	10637	36
7051	7526	212
563	5957	219
7860	528	154
13696	11257	230
720	11438	235
4360	6922	114
10264	7526	153
4310	6084	202
14381	7526	212
1652	690	206
5264	1826	192
8044	13010	137
10847	7526	153
327	5530	189
3603	6084	202
2886	7526	93
14045	6379	114
6663	528	154
8231	9434	189
13681	4894	212
5005	10558	117
13239	4626	13
12506	6379	114
8579	10558	117
12593	11415	192
231	5530	189
8811	7526	212
9881	528	154
6039	5105	125
13140	6379	114
13690	2219	235
7927	12150	89
6027	9088	188
5280	528	154
2659	3082	188
6831	4626	13
8854	528	154
11976	528	154
7086	528	154
7116	6780	137
6977	5530	189
5711	6379	114
2003	4894	212
2321	6379	114
10769	6379	114
10778	4391	235
11666	528	154
12294	13366	189
9973	9933	119
2302	7526	212
11163	13682	235
5810	4626	13
7148	6084	202
10601	2908	159
3151	14492	212
703	6379	114
8969	12789	188
13201	11249	112
688	13598	72
7424	9091	117
597	9324	90
8371	9324	90
11569	3082	188
4336	7526	212
996	13598	72
2640	6379	114
6821	13536	193
2286	528	154
8834	5957	88
9698	1230	220
8850	4626	13
3510	11194	189
11800	9400	212
9065	528	154
5325	5957	219
1132	6084	202
11168	7526	212
4295	6922	114
11823	1794	212
3554	5747	236
3688	12390	112
9814	5957	20
3132	5747	236
6713	528	154
10598	5957	138
1498	3948	112
11736	528	154
1047	10558	117
8720	3244	64
9270	5957	219
10715	3082	170
2583	7911	202
6615	528	154
7987	6084	202
7220	528	154
13852	5957	88
1543	6084	202
9159	63	41
522	5957	219
9727	6084	202
1040	1230	94
5031	4626	13
3670	6379	114
8074	3082	188
8050	6084	202
12317	5530	189
10063	9324	90
8685	6379	114
9706	528	154
3948	7064	141
9432	6084	202
10481	1646	113
9740	7526	187
8699	7526	212
6458	6084	202
2268	528	154
12596	11218	34
14058	6084	202
6799	7526	212
12444	5957	20
3858	6379	114
7666	3068	211
6390	1794	212
11124	528	154
7525	3082	170
7326	8540	141
12595	10167	117
7588	4626	13
7547	4894	212
9754	5957	88
1087	2660	236
1614	528	154
6346	6379	114
8887	7814	212
14535	8400	137
1329	6442	1
521	6084	202
8508	1814	220
4088	9324	90
13520	1461	212
10747	7526	212
7343	7814	212
990	5957	16
4135	4950	117
14127	9675	112
4161	12601	235
10178	9686	220
7477	6084	202
9576	10690	91
7958	4626	13
9854	528	154
913	7814	212
11463	5497	36
4231	6084	202
1237	2660	236
10647	2660	236
11886	13909	220
14223	11094	9
14206	6084	202
9279	6084	202
11310	528	154
11653	7911	202
151	5957	88
1240	7279	235
12286	7526	212
12341	10697	112
7500	528	154
3360	6084	202
6579	2773	112
6026	7526	212
10897	6792	65
8562	6084	202
13463	6084	202
13397	927	194
6931	9686	235
2742	7911	202
2513	8867	14
1176	3082	188
7847	528	154
367	7454	160
2287	7821	220
808	4987	85
7006	88	212
7110	7526	212
10121	6789	189
339	7526	212
632	6084	202
13969	6108	107
651	6379	114
8180	8669	235
471	7911	202
1303	6379	114
8803	6084	202
7581	1159	93
11549	6084	202
13908	6084	202
4976	5331	117
4931	3795	94
14215	6731	220
4191	9324	90
9809	4894	212
11173	6379	114
3870	2660	236
6137	929	117
14146	6792	65
11021	6379	114
1580	528	154
1467	6379	114
2563	13873	137
5435	528	154
10144	6084	202
5964	6084	202
11064	12635	236
1776	64	117
4019	9324	90
11212	6084	202
1191	1230	65
2388	6379	114
13825	6789	189
13133	9324	90
8696	6379	114
5258	528	154
13487	8953	90
8778	12511	222
11976	3082	170
8674	7279	235
5958	4363	211
4696	11194	189
2230	8867	14
9276	12804	220
11439	1007	50
13201	5957	88
2793	528	154
13341	7526	212
12479	1230	235
2832	2660	236
14351	2219	41
11066	9324	90
10471	7526	212
8809	528	154
2887	6084	202
11948	528	154
11134	6884	220
9179	528	154
7312	9088	188
5989	6379	114
1896	11805	70
4102	5957	219
2493	7911	202
8937	528	154
8849	3082	188
10919	4594	94
11111	304	94
10358	13366	189
4941	6379	114
2681	5957	138
11287	6379	114
6222	12168	137
541	528	154
11321	7814	212
1330	7526	212
6041	6084	202
3633	6922	114
4812	6490	209
4045	3840	235
1110	13598	72
4777	6442	1
5220	5530	189
11276	12825	9
2017	354	184
9809	6084	202
13573	4894	230
11285	528	154
334	7526	212
10295	6379	114
11476	3809	235
6289	5957	88
8369	9324	90
12667	7526	212
2573	88	212
11038	6056	112
6015	12511	222
11956	7821	235
1298	528	154
12125	6379	114
4312	2660	236
6352	6379	114
10460	1092	212
8638	1794	93
11000	11194	189
3233	13598	72
5645	4626	13
5895	4626	13
7790	9489	235
13638	5384	137
2211	6084	202
7455	9933	119
9761	7911	202
3895	6084	202
4155	9324	90
1588	6442	1
4300	5896	124
8506	5957	20
8626	2797	81
13118	4626	13
1047	7911	202
14487	6922	114
11387	6108	107
8688	10558	117
5421	6084	202
5614	7099	235
7367	4626	13
7498	3803	137
4335	2660	236
8965	13017	117
11862	9088	188
2646	528	154
5216	6379	114
6871	5331	117
13749	3082	188
12898	14199	41
5843	6084	202
803	9686	141
12036	2853	235
10296	12511	222
6675	528	154
13607	1571	201
12180	6379	114
4921	6084	202
6025	9686	235
2004	12534	112
11476	6379	114
4675	4390	159
1448	6084	202
6945	9308	94
5384	6084	202
9274	6084	202
12923	64	117
313	6084	202
6603	6084	202
6044	7526	212
12478	3082	188
10761	6789	189
4900	5497	36
9419	11295	94
4085	8867	14
2268	6084	202
358	9324	90
7541	5530	189
5864	8929	112
12954	6084	202
6550	9558	144
4871	12481	211
6485	6789	189
13421	6379	114
2881	200	235
11210	1675	159
3507	528	154
1783	12099	222
11643	13601	189
9373	7625	81
2269	3082	155
5007	11471	90
9066	528	154
12375	6379	114
8479	9301	184
12360	4894	212
11523	6379	114
2012	7526	212
10665	7526	212
12751	6379	114
4229	6108	107
7086	5957	34
12748	3082	170
7518	6379	114
903	11194	189
1708	4894	212
11005	528	154
10778	6379	114
4751	528	154
8445	5957	138
10349	528	154
1818	6442	1
10150	9675	112
10675	7439	211
914	7814	212
11493	5530	189
4438	10520	212
6829	4626	13
7176	4436	139
11479	6379	114
6421	2908	147
9962	7911	202
9391	4626	13
3356	9324	90
7654	7911	202
6588	7911	202
2846	14190	235
1810	11895	117
11364	6084	202
2039	7814	212
3425	12106	112
10486	5957	88
13066	4594	94
6085	528	154
2188	3082	188
10751	6084	202
2079	6379	114
11594	5957	20
5404	6379	114
630	6002	41
11959	9933	119
10633	7526	212
2776	13536	193
13882	6379	114
2813	528	154
11308	6084	202
2693	10532	212
7639	6789	189
11743	4626	13
678	6922	114
2510	1750	117
3885	7526	212
642	7064	235
2216	4626	13
10619	3082	188
3591	5957	88
12676	6922	114
1618	3082	170
10991	5874	220
1895	10023	177
6039	6442	125
9558	6084	202
6531	7911	202
2672	4626	13
10622	1724	94
13302	528	154
442	5524	188
255	12099	222
14082	4894	212
7555	9324	90
14154	528	154
12695	5001	235
8365	1593	235
4231	13598	72
12749	7526	212
9108	10532	212
10041	5530	189
2340	3180	94
8508	6084	202
13002	528	154
10118	7911	202
14342	8789	81
3816	2356	137
11595	2931	235
2420	528	154
7939	1007	120
146	7911	202
3102	6108	107
14207	13698	220
9751	6108	107
251	7814	212
14490	6084	202
4034	7814	212
9731	8707	112
8472	10770	112
5013	12721	235
11100	7526	212
3970	12511	222
8387	6084	202
1184	3919	117
1987	3296	41
5253	10728	85
12930	7526	212
11216	528	154
6619	528	154
4839	528	154
2388	6084	202
13393	1790	212
1051	6084	202
6493	4626	13
2673	6084	202
14519	5957	20
8276	9324	90
9648	6084	202
4011	9686	220
8242	88	212
9582	7911	202
7673	13929	235
13928	7526	212
5361	13536	193
500	7526	212
11807	7526	212
5237	6084	202
11788	1007	120
9117	9324	90
11161	13656	137
546	6084	202
14327	7911	202
7655	7975	117
6585	6379	114
1940	12344	36
13672	481	64
7904	2660	236
3531	2660	236
2851	5957	88
11827	10558	117
2191	9324	90
9193	5331	117
4368	2660	236
3684	12679	201
7277	6084	202
2014	2115	235
2782	528	154
8782	12511	222
13677	2660	236
12720	6379	114
12755	5084	159
14030	528	154
2424	528	154
4436	528	154
6224	6379	114
10797	528	154
13446	3082	188
9755	6379	114
10925	10167	117
1686	1234	188
2910	6084	202
11390	1230	201
4114	2660	236
9661	6084	202
12286	6379	114
7048	6489	235
1691	11471	90
3880	12804	220
12036	7526	212
1020	5084	159
1689	5957	88
10043	5957	219
2207	11194	189
6989	8145	206
8678	14059	39
10096	6084	202
11554	13175	188
4697	7911	202
12569	6379	114
2030	1230	220
6540	1571	201
12290	6792	65
11054	6084	202
1106	1814	220
3675	6379	114
11537	6379	114
4415	9324	90
8870	7064	141
10864	6084	202
10517	528	154
11151	1081	211
3229	6084	202
9079	6379	114
10623	9324	90
580	7526	212
3347	7526	212
12904	6379	114
10231	3795	235
5275	11787	235
2747	528	154
6079	6084	202
12781	13622	119
14262	7814	212
5672	10558	117
3823	2660	236
8208	2660	236
4603	6379	114
11140	6379	114
13205	5957	219
12866	6084	202
2183	528	154
1980	13017	117
832	5957	20
13290	4436	139
11326	528	154
7388	10558	117
5515	4626	13
3263	14375	212
11179	6379	114
701	6884	220
11642	6379	114
2743	14358	184
5104	9324	90
1783	8953	90
2305	7526	212
12553	528	154
11763	13598	72
7531	13927	236
12916	10558	117
8891	9324	90
394	6084	202
7694	5957	88
11362	9324	90
5841	14396	188
12745	7526	212
8804	6084	202
7513	4626	13
1260	10598	141
8891	7226	137
5220	5234	83
11123	4626	13
5225	6379	114
3400	6084	202
5040	4894	212
1025	6379	114
14195	4626	13
11457	528	154
1510	1430	235
2532	528	154
2681	4824	189
2622	9324	90
3286	8669	235
1755	4063	137
12589	7526	212
7933	5530	189
6790	9686	220
918	7526	212
9360	6084	202
6400	4117	235
5397	6084	202
9190	1007	120
10604	7526	212
7663	4869	206
8474	6084	202
5347	13536	193
13796	5530	189
2425	13782	64
8178	6379	114
3568	6084	202
5890	2931	94
823	5957	88
11173	9686	235
12288	9091	117
6049	528	154
268	528	154
8196	5957	88
2266	528	154
8582	4436	139
6668	6379	114
13913	9324	90
3253	528	154
9134	64	117
13087	528	154
4518	9088	188
8004	3068	211
4570	6379	114
3178	1159	230
13596	10002	194
10115	6442	1
1805	7911	202
4223	6084	202
11592	6084	202
6268	2908	159
9739	9324	90
610	6084	202
9716	6084	202
7065	7691	112
12199	11339	94
5440	5613	235
4633	7911	202
6061	1007	120
10086	12030	113
8159	7526	212
3073	6084	202
5804	4329	206
13410	1794	212
3543	1487	192
84	3663	222
12912	1593	235
12949	5957	20
4341	5957	88
14278	6379	114
13474	5957	88
3341	6379	114
1535	9909	36
7290	3082	170
668	9921	192
7371	5957	219
3884	528	154
2985	3431	192
3966	6474	137
7525	1007	120
118	528	154
8012	3082	209
12031	4626	13
1190	10475	94
88	13536	193
14253	7911	202
10774	3082	155
7125	6789	189
14461	11665	41
5163	7488	206
1454	9091	117
6726	7526	212
9662	528	154
3131	7526	212
13413	7526	212
1074	2002	117
3738	7526	212
9270	6084	202
5038	12712	64
13905	9088	188
9214	10475	94
10047	88	212
9995	2415	188
14310	7526	212
1500	12511	222
12760	8911	235
4267	6084	202
11479	1978	212
11915	3082	188
14338	1007	120
8032	7526	212
3298	6379	114
5077	6379	114
10685	6379	114
9574	9324	90
3096	528	154
5644	5957	20
7451	9686	94
9128	528	154
6289	5443	112
4241	9324	90
13380	3082	155
11206	13895	184
11577	7526	212
3396	528	154
5806	6084	202
6264	12565	177
13510	12839	81
667	5957	20
5485	11194	189
12939	5957	88
2105	528	154
7095	528	154
5500	6084	202
7645	10657	94
85	6789	189
8424	6789	189
6198	4594	94
2123	6084	202
9386	6922	114
12804	4626	13
6473	7526	212
2980	7200	85
5121	6084	202
1734	528	154
6142	5530	189
9614	1007	120
12211	6379	114
11929	528	154
3393	528	154
453	4626	13
12152	528	154
1097	5957	20
785	8867	14
8651	4626	13
3551	6084	202
14534	6084	202
7711	8249	112
3199	4436	139
13964	1794	212
4146	6428	220
4145	3082	170
5872	6922	114
2336	7911	202
13100	6379	114
9783	3403	235
12507	6518	189
2454	12321	221
14137	6084	202
3008	7911	202
3735	776	112
9493	5957	20
5909	528	154
7322	6084	202
6309	6084	202
14342	3795	220
13930	528	154
7349	7526	212
5689	5530	189
2553	6379	114
13683	528	154
6139	7911	202
9314	14199	41
4348	5957	88
1665	5530	189
9949	7526	212
8577	7911	202
2338	9324	90
3765	13526	112
4723	894	235
11770	6084	202
5668	528	154
2480	7526	153
883	528	154
6068	10558	117
192	4444	235
7230	5957	20
11458	807	72
12859	528	154
9	6084	202
7064	4626	13
2476	10520	153
11610	8867	14
10620	6379	114
7691	6084	202
13037	6084	202
14518	7526	212
13895	6379	114
751	6084	202
9436	64	117
8001	9324	90
10665	6379	114
8220	12789	188
8930	6379	114
9350	12252	212
4953	10558	117
5025	3286	112
7145	4207	144
10542	6084	202
1518	528	154
11280	7526	212
13315	6379	114
1599	528	154
11349	7526	212
7726	528	154
11726	5366	137
14023	6379	114
4825	10558	117
13807	3082	170
4122	5957	138
12967	9324	90
10427	64	117
12874	3082	188
14132	6084	202
2656	4894	212
5289	10524	94
3102	13536	193
10542	929	117
1286	9934	235
9279	1007	50
3215	6084	202
2850	4626	13
12797	9434	189
9962	6379	114
12752	7526	212
8647	200	235
11576	4714	159
10618	9324	90
13657	528	154
14415	9324	90
11057	5957	88
7761	7439	211
1495	2562	14
3019	6379	114
2158	3082	188
11386	11809	88
13468	1794	212
636	9324	90
2486	528	154
8998	528	154
13827	7526	187
2370	3082	188
14019	7526	212
8133	2908	159
3180	88	93
247	2232	235
312	13536	193
13762	7526	212
6383	2908	159
6687	528	154
1031	9324	90
900	7526	212
5076	5957	88
11553	3082	188
5633	9324	90
2673	13017	117
1628	528	154
1495	1092	73
5034	4505	235
12867	7911	202
3372	6379	114
3917	14279	137
5209	6379	114
5975	9324	90
13172	4894	212
5363	9324	90
11200	11805	88
13054	5957	88
11748	4894	212
5837	1081	211
10140	7526	212
10873	2660	236
4382	7526	212
11361	13536	193
9156	3082	170
10037	6792	65
3624	7526	212
9589	6084	202
8744	6084	202
6400	6084	202
12867	7814	212
11597	7526	212
5734	4482	90
2468	13017	117
5555	528	154
552	6442	1
7620	64	117
11589	6084	202
12567	13899	184
1326	11471	90
541	1007	120
5608	2660	236
3623	6084	202
8604	528	154
11115	12344	36
6590	741	177
9670	6379	114
3148	4448	137
11731	9324	90
7924	4626	13
8272	4869	206
3958	528	154
737	5957	138
1032	3082	155
12428	11194	189
13559	4894	212
1137	6084	202
14082	1007	50
11079	5957	219
8852	12099	222
6202	1081	211
6978	6884	220
8459	4894	212
10760	12099	222
6999	9138	221
1231	6084	202
6995	7526	212
13630	528	154
2798	7526	212
9421	4626	13
11505	6084	202
7845	6108	107
6851	5957	20
1739	6379	114
13300	7911	202
8489	1230	235
5058	7526	212
12828	6084	202
12897	6084	202
10601	200	9
13833	1092	212
6235	7526	212
13423	14065	9
8001	5957	88
10295	7911	202
1484	528	154
206	5957	88
4277	1007	120
10589	4869	206
10750	7526	212
2329	7526	212
14476	528	154
14053	1941	235
3268	7526	212
6825	6084	202
8827	5957	88
12235	3082	209
14083	6379	114
4131	9324	90
7342	7526	212
9876	6084	202
144	6789	189
8222	7526	212
6588	10558	117
12249	1794	212
423	6084	202
11859	7526	212
8746	7911	202
4608	5957	88
11248	5530	189
10660	10558	117
5697	4436	139
13472	6379	114
8106	3082	155
1537	64	117
3708	7526	153
3227	5530	189
1345	1007	120
9895	6379	114
4850	6084	202
9713	575	201
2052	4626	13
5992	1092	212
10652	6084	202
2396	88	212
6346	12447	212
5985	6388	85
7260	6379	114
6579	3663	222
661	940	177
10968	8400	137
8144	11453	159
12585	7526	212
13660	9324	90
1477	6084	202
3074	13366	189
5543	7526	187
13069	12481	211
11393	2482	189
5103	7526	212
768	3082	188
6992	7526	212
1514	4500	235
9264	5957	88
4888	528	154
5116	6379	114
4289	7526	212
8275	528	154
13688	7526	212
7750	6379	114
2958	6379	114
7767	9091	117
13549	918	137
8155	9324	90
6163	5182	194
14028	6379	114
12995	6379	114
10626	5182	194
10267	4894	230
13304	10558	117
345	13366	189
5171	9958	112
3698	6084	202
12667	9686	235
13642	6379	114
5368	528	154
9761	2499	117
13370	11147	112
1111	7911	202
9700	528	154
6235	528	154
13953	12804	141
8313	1007	50
10501	4626	13
13092	676	124
7706	528	154
6380	528	154
7396	2660	236
9316	1230	220
7540	6381	112
6408	9324	90
12638	11680	212
3674	7526	212
13029	7526	212
13781	4824	189
11522	8367	188
13572	3419	160
7440	3082	188
2928	3082	170
7895	5957	88
7579	7526	212
6873	6379	114
991	3296	41
11500	8867	14
11451	2660	236
8722	4626	13
10520	13536	193
1379	2482	189
5690	5957	88
10822	8867	14
8301	5957	219
5653	6379	114
12795	5084	159
12165	6379	114
6163	5957	88
4746	528	154
5787	6084	202
10517	9091	117
11190	10558	117
9012	7889	235
976	13366	189
9576	14024	188
1332	6084	202
9226	11249	112
11134	6084	202
5255	10520	212
13696	13667	230
3357	528	154
1091	6108	107
11066	9909	36
13265	11537	184
3150	3403	235
9776	13973	159
3357	6379	114
2681	6108	107
5024	13366	189
370	6484	194
11626	6084	202
9851	7526	212
4648	14199	41
14461	7526	212
8915	528	154
13473	8390	159
4142	6084	202
3363	88	153
13585	12601	94
11794	5957	20
4807	6084	202
9	6379	114
51	5957	20
14532	13536	193
12163	1007	120
12324	6758	137
4125	7526	153
5057	7814	212
5293	11094	201
1872	5084	159
13285	528	154
458	1007	50
6534	6202	177
1354	7526	212
7033	6084	202
11715	2660	236
5048	10475	94
12037	6108	107
3707	5957	219
15	9324	90
10881	5957	88
3859	5957	219
802	4869	206
3837	13366	189
9840	5957	88
1441	10598	159
1413	2012	200
13740	528	154
9238	3082	188
10646	7488	206
4510	10000	81
5405	1230	201
13183	6084	202
10249	7526	187
3640	7526	212
4979	6922	114
1907	7526	212
7094	12511	222
14119	7488	206
62	5957	138
3425	5957	88
14049	917	235
13613	3082	170
8705	7964	235
5997	9324	90
12872	528	154
5585	6084	202
4176	3082	188
11207	6789	189
8420	13927	236
6051	6108	107
871	6084	202
12836	63	41
9299	528	154
3445	11147	112
6828	6379	114
5232	10743	188
345	4626	13
9472	7526	212
10071	2660	236
3547	2232	220
12290	12099	222
9131	7279	235
5365	6108	107
12201	9047	141
9627	4253	220
2466	7526	212
14291	3419	160
7676	528	154
6701	9324	90
5493	528	154
4924	7526	212
4160	13598	72
684	7526	212
9689	14206	85
4811	6789	189
9238	6379	114
11527	5401	112
7048	7526	212
832	5530	189
6247	5957	20
11900	5957	219
202	6084	202
12661	6922	114
9236	7526	153
3659	1230	235
837	5957	219
14241	9324	90
9349	5530	189
14533	1230	94
1306	7526	212
7833	528	154
3136	7526	212
8807	10558	117
953	4626	13
2694	3168	212
14061	12168	137
1065	5957	219
12785	13241	141
5469	7526	153
2949	13598	72
70	7911	202
7082	3082	170
10726	6379	114
312	13498	209
6589	12481	211
7726	4565	188
5864	776	112
13154	5658	137
1911	9463	235
7761	528	154
554	10532	141
2264	9324	90
8132	9324	90
11416	5957	88
6157	7526	212
11988	528	154
2496	12573	159
13368	6108	107
1808	9324	90
2806	3082	188
12833	10776	119
11653	3795	235
9276	4696	212
13393	10558	117
2694	6084	202
960	8912	81
11274	4696	212
10094	1019	9
6177	6379	114
2233	6379	114
5072	6922	114
114	12099	222
11922	528	154
2779	528	154
5616	4783	89
11329	1797	235
2752	6084	202
10072	1092	212
11132	3082	188
866	5957	20
10090	7526	212
8021	8615	137
179	528	154
11356	1109	200
14351	7827	125
7909	1105	36
11933	3082	170
4028	1230	94
5758	13017	117
10104	528	154
7148	1922	177
7656	1794	212
8873	5601	141
12420	7526	212
353	10520	212
672	5957	20
145	6513	188
13445	7279	235
3970	9324	90
5897	10558	117
1689	9324	90
14093	6379	114
6206	6379	114
6307	5957	20
10805	7526	212
3653	5957	88
3401	5957	88
3021	13017	117
14261	4626	13
2249	7526	212
12663	6542	184
8045	9324	90
12610	9324	90
219	4676	88
6345	4482	90
8239	13598	72
9223	7526	212
4131	3663	222
9656	7526	212
12993	6084	202
13857	6379	114
1637	9708	235
11191	4436	139
9044	7526	212
3278	528	154
8207	5778	125
14238	2482	189
12771	1007	120
5804	12503	65
4314	12573	159
6280	9686	220
14443	2335	235
1517	13574	235
7881	4271	9
1962	528	154
2064	10851	81
3998	9603	36
687	6442	1
209	6379	114
4321	5957	20
10469	6084	202
12124	13366	189
3756	5957	219
721	9324	90
7923	528	154
1263	4626	13
7015	7439	211
6848	3068	211
2941	7911	202
877	4436	139
6989	5957	88
3943	9088	188
9640	13312	188
6015	528	154
2510	7526	212
12764	6379	114
6416	6442	1
2859	7814	212
3579	4676	95
1958	528	154
744	4626	13
7247	3658	112
11525	5957	88
5570	6379	114
1627	7526	212
12029	6084	202
1134	3419	160
13082	6379	114
7971	6084	202
13787	11218	88
12490	528	154
3952	6379	114
3017	12099	222
4549	12099	222
9112	1794	212
14183	5957	88
7945	7454	160
5831	7911	202
9287	7048	144
957	6922	114
8025	7526	153
3139	9088	188
10567	528	154
1121	6379	114
11928	1007	50
9159	6830	220
11038	9324	90
7697	6084	202
11638	12481	211
5868	9324	90
3020	528	154
3563	1137	64
5561	5700	236
1514	6084	202
8990	4894	230
6609	7814	212
5162	9324	90
13781	5957	138
1372	3082	155
11037	528	154
1271	528	154
3192	5957	88
12469	3082	188
5895	5957	20
7769	528	154
7586	5084	159
11358	9324	90
3095	10776	139
262	9613	212
5639	9324	90
1611	13175	188
12371	5957	219
13479	11094	201
5686	6084	202
13538	5957	88
4636	11194	189
3507	6442	1
12823	7079	137
1263	5530	189
13340	6792	65
1032	7526	212
10485	6379	114
1581	14024	188
2026	12549	85
9274	6379	114
6116	528	154
10561	9324	90
11596	6084	202
14107	4436	119
10177	528	154
13614	6379	114
238	10558	117
913	6379	114
8006	3152	64
8637	5957	20
3177	1430	220
10848	8094	184
1966	3082	170
4045	6084	202
9260	6379	114
1861	9686	235
13568	153	36
3389	6084	202
136	9324	90
2814	6789	189
14253	7526	212
4906	2908	159
6747	528	154
4778	6379	114
4687	1334	159
3475	10728	85
2382	4626	13
4801	6922	114
3933	6379	114
1231	7814	212
5726	6949	94
13003	5700	236
4620	6379	114
6463	528	154
9258	7251	36
6667	8669	235
8245	3082	188
4656	7526	212
10958	4894	230
11294	9324	90
4452	6084	202
3025	5957	219
1260	7526	212
645	6379	114
4721	6084	202
11060	528	154
7620	6084	202
9573	7526	153
8527	6379	114
9330	528	154
11156	6379	114
8678	7526	212
13713	3068	211
1434	3795	94
1737	11431	137
6780	7526	212
1863	14059	39
7638	1794	212
4453	7526	212
2030	7911	202
6638	6084	202
13919	14482	206
4103	9324	90
9141	9940	36
6824	4626	13
12259	7911	202
6996	10558	117
9958	7526	212
5012	6084	202
7170	7526	187
13990	528	154
9825	6516	144
6150	528	154
2423	13536	193
7420	8867	14
8558	9088	188
5937	7526	212
4068	7526	212
14244	6084	202
14357	4894	212
7326	9091	117
6842	2763	235
8171	7526	187
13535	88	212
14534	7526	212
5210	6084	202
6617	6379	114
3811	6789	189
202	11895	117
724	12511	222
1893	6379	114
14366	9324	90
408	11218	219
12786	5530	189
13120	13076	137
2630	10558	117
1688	8322	235
256	6379	114
6073	9091	117
11163	1794	212
1016	6084	202
4377	1794	212
13877	4328	159
5417	9324	90
3651	12099	222
11381	9324	90
3304	5957	219
3342	7911	202
13859	3082	170
542	528	154
7557	528	154
12074	9091	117
12137	5957	219
7826	9324	90
4815	9324	90
9346	9324	90
10550	7526	212
2860	3663	222
13782	6084	202
13584	7526	212
8122	1387	94
7394	4894	212
12424	12481	211
4965	5957	219
8021	3658	112
1465	6084	202
12324	14060	112
13751	528	154
2279	2660	236
11114	6084	202
11946	6084	202
10431	7526	212
5329	6379	114
5434	1081	211
843	528	154
